-1.000000000000000000e+00 -1.383333333333333393e+01
-9.889889889889890151e-01 -1.363568028077048311e+01
-9.779779779779780302e-01 -1.343911573947699623e+01
-9.669669669669669343e-01 -1.324363703945087067e+01
-9.559559559559559494e-01 -1.304924151069011273e+01
-9.449449449449449645e-01 -1.285592648319272158e+01
-9.339339339339339796e-01 -1.266368928695669993e+01
-9.229229229229228837e-01 -1.247252725198004519e+01
-9.119119119119118988e-01 -1.228243770826076187e+01
-9.009009009009009139e-01 -1.209341798579685090e+01
-8.898898898898899290e-01 -1.190546541458631502e+01
-8.788788788788788331e-01 -1.171857732462715163e+01
-8.678678678678678482e-01 -1.153275104591736522e+01
-8.568568568568568633e-01 -1.134798390845495675e+01
-8.458458458458458784e-01 -1.116427324223792894e+01
-8.348348348348348935e-01 -1.098161637726427742e+01
-8.238238238238237976e-01 -1.080001064353201023e+01
-8.128128128128128127e-01 -1.061945337103912479e+01
-8.018018018018018278e-01 -1.043994188978362558e+01
-7.907907907907907319e-01 -1.026147352976350646e+01
-7.797797797797797470e-01 -1.008404562097677903e+01
-7.687687687687687621e-01 -9.907655493421440696e+00
-7.577577577577577772e-01 -9.732300477095488844e+00
-7.467467467467467923e-01 -9.557977901996931536e+00
-7.357357357357356964e-01 -9.384685098123760838e+00
-7.247247247247247115e-01 -9.212419395473988359e+00
-7.137137137137137266e-01 -9.041178124045609721e+00
-7.027027027027026307e-01 -8.870958613836625872e+00
-6.916916916916917568e-01 -8.701758194845043093e+00
-6.806806806806806609e-01 -8.533574197068855227e+00
-6.696696696696696760e-01 -8.366403950506070331e+00
-6.586586586586586911e-01 -8.200244785154687577e+00
-6.476476476476475952e-01 -8.035094031012704363e+00
-6.366366366366367213e-01 -7.870949018078130521e+00
-6.256256256256256254e-01 -7.707807076348958120e+00
-6.146146146146146405e-01 -7.545665535823195214e+00
-6.036036036036036556e-01 -7.384521726498839200e+00
-5.925925925925925597e-01 -7.224372978373892806e+00
-5.815815815815815748e-01 -7.065216621446357870e+00
-5.705705705705705899e-01 -6.907049985714235341e+00
-5.595595595595594940e-01 -6.749870401175526169e+00
-5.485485485485486201e-01 -6.593675197828233969e+00
-5.375375375375375242e-01 -6.438461705670355251e+00
-5.265265265265265393e-01 -6.284227254699896292e+00
-5.155155155155155544e-01 -6.130969174914856268e+00
-5.045045045045044585e-01 -5.978684796313235239e+00
-4.934934934934934736e-01 -5.827371448893036820e+00
-4.824824824824824887e-01 -5.677026462652261962e+00
-4.714714714714715038e-01 -5.527647167588911614e+00
-4.604604604604605189e-01 -5.379230893700986726e+00
-4.494494494494494230e-01 -5.231774970986488249e+00
-4.384384384384384381e-01 -5.085276729443418908e+00
-4.274274274274274532e-01 -4.939733499069779654e+00
-4.164164164164164683e-01 -4.795142609863570549e+00
-4.054054054054053724e-01 -4.651501391822793430e+00
-3.943943943943943875e-01 -4.508807174945451912e+00
-3.833833833833834026e-01 -4.367057289229545169e+00
-3.723723723723724177e-01 -4.226249064673075040e+00
-3.613613613613613218e-01 -4.086379831274040697e+00
-3.503503503503503369e-01 -3.947446919030447532e+00
-3.393393393393393520e-01 -3.809447657940294718e+00
-3.283283283283283671e-01 -3.672379378001584094e+00
-3.173173173173172712e-01 -3.536239409212314833e+00
-3.063063063063062863e-01 -3.401025081570491437e+00
-2.952952952952953014e-01 -3.266733725074113970e+00
-2.842842842842843165e-01 -3.133362669721184268e+00
-2.732732732732733316e-01 -3.000909245509702838e+00
-2.622622622622622357e-01 -2.869370782437669742e+00
-2.512512512512512508e-01 -2.738744610503089039e+00
-2.402402402402402659e-01 -2.609028059703960789e+00
-2.292292292292292810e-01 -2.480218460038287276e+00
-2.182182182182181851e-01 -2.352313141504067229e+00
-2.072072072072072002e-01 -2.225309434099305150e+00
-1.961961961961962153e-01 -2.099204667822000658e+00
-1.851851851851852304e-01 -1.973996172670155813e+00
-1.741741741741741345e-01 -1.849681278641770232e+00
-1.631631631631631496e-01 -1.726257315734847753e+00
-1.521521521521521647e-01 -1.603721613947388658e+00
-1.411411411411411798e-01 -1.482071503277394342e+00
-1.301301301301300839e-01 -1.361304313722864645e+00
-1.191191191191190990e-01 -1.241417375281803404e+00
-1.081081081081081141e-01 -1.122408017952210901e+00
-9.709709709709712921e-02 -1.004273571732088310e+00
-8.608608608608614432e-02 -8.870113666194371360e-01
-7.507507507507504840e-02 -7.706187326122574399e-01
-6.406406406406406351e-02 -6.550929997085528367e-01
-5.305305305305307861e-02 -5.404314979063237212e-01
-4.204204204204209372e-02 -4.266315572035712100e-01
-3.103103103103099780e-02 -3.136905075982955871e-01
-2.002002002002001291e-02 -2.016056790885005223e-01
-9.009009009009028013e-03 -9.037440167218613318e-02
2.002002002001956882e-03 2.000599465264619320e-02
1.301301301301305280e-02 1.295381798879962354e-01
2.402402402402392667e-02 2.382248240358593450e-01
3.503503503503502259e-02 3.460685970982385617e-01
4.604604604604611851e-02 4.530721690771303822e-01
5.705705705705699238e-02 5.592382099745312196e-01
6.806806806806808829e-02 6.645693897924441762e-01
7.907907907907896217e-02 7.690683785328635835e-01
9.009009009009005808e-02 8.727378461977923774e-01
1.011011011011011540e-01 9.755804627892269432e-01
1.121121121121120279e-01 1.077598898309163999e+00
1.231231231231231238e-01 1.178795822759606482e+00
1.341341341341342197e-01 1.279173906142550665e+00
1.451451451451450936e-01 1.378735818459993379e+00
1.561561561561561895e-01 1.477484229713937225e+00
1.671671671671670634e-01 1.575421809906377035e+00
1.781781781781781593e-01 1.672551229039315190e+00
1.891891891891892552e-01 1.768875157114748742e+00
2.002002002002001291e-01 1.864396264134673853e+00
2.112112112112112250e-01 1.959117220101093571e+00
2.222222222222223209e-01 2.053040695016004502e+00
2.332332332332331948e-01 2.146169358881403255e+00
2.442442442442442907e-01 2.238505881699292210e+00
2.552552552552551646e-01 2.330052933471666865e+00
2.662662662662662605e-01 2.420813184200528934e+00
2.772772772772773564e-01 2.510789303887875246e+00
2.882882882882882303e-01 2.599983962535703075e+00
2.992992992992993262e-01 2.688399830146014136e+00
3.103103103103102001e-01 2.776039576720804369e+00
3.213213213213212960e-01 2.862905872262075047e+00
3.323323323323323919e-01 2.949001386771823441e+00
3.433433433433432658e-01 3.034328790252046826e+00
3.543543543543543617e-01 3.118890752704746916e+00
3.653653653653654576e-01 3.202689944131920541e+00
3.763763763763763315e-01 3.285729034535564974e+00
3.873873873873874274e-01 3.368010693917682374e+00
3.983983983983983013e-01 3.449537592280267351e+00
4.094094094094093972e-01 3.530312399625323394e+00
4.204204204204204931e-01 3.610337785954844669e+00
4.314314314314313670e-01 3.689616421270831115e+00
4.424424424424424629e-01 3.768150975575283557e+00
4.534534534534533368e-01 3.845944118870196604e+00
4.644644644644644327e-01 3.922998521157574636e+00
4.754754754754755286e-01 3.999316852439410930e+00
4.864864864864864025e-01 4.074901782717706311e+00
4.974974974974974984e-01 4.149755981994459830e+00
5.085085085085085943e-01 4.223882120271670537e+00
5.195195195195194682e-01 4.297282867551334817e+00
5.305305305305305641e-01 4.369960893835452609e+00
5.415415415415414380e-01 4.441918869126022074e+00
5.525525525525525339e-01 4.513159463425044038e+00
5.635635635635636298e-01 4.583685346734515775e+00
5.745745745745745037e-01 4.653499189056434560e+00
5.855855855855855996e-01 4.722603660392800329e+00
5.965965965965964735e-01 4.791001430745612133e+00
6.076076076076075694e-01 4.858695170116869022e+00
6.186186186186186653e-01 4.925687548508568270e+00
6.296296296296295392e-01 4.991981235922708038e+00
6.406406406406406351e-01 5.057578902361289153e+00
6.516516516516517310e-01 5.122483217826309776e+00
6.626626626626626049e-01 5.186696852319765405e+00
6.736736736736737008e-01 5.250222475843659531e+00
6.846846846846845747e-01 5.313062758399986762e+00
6.956956956956956706e-01 5.375220369990748814e+00
7.067067067067067665e-01 5.436697980617943848e+00
7.177177177177176404e-01 5.497498260283568250e+00
7.287287287287287363e-01 5.557623878989621957e+00
7.397397397397398322e-01 5.617077506738105797e+00
7.507507507507507061e-01 5.675861813531013489e+00
7.617617617617618020e-01 5.733979469370350301e+00
7.727727727727726759e-01 5.791433144258107291e+00
7.837837837837837718e-01 5.848225508196289724e+00
7.947947947947948677e-01 5.904359231186893098e+00
8.058058058058057416e-01 5.959836983231916463e+00
8.168168168168168375e-01 6.014661434333358869e+00
8.278278278278277114e-01 6.068835254493217590e+00
8.388388388388388073e-01 6.122361113713494341e+00
8.498498498498499032e-01 6.175241681996183729e+00
8.608608608608607771e-01 6.227479629343287471e+00
8.718718718718718730e-01 6.279077625756804615e+00
8.828828828828829689e-01 6.330038341238730659e+00
8.938938938938938428e-01 6.380364445791068206e+00
9.049049049049049387e-01 6.430058609415810977e+00
9.159159159159158126e-01 6.479123502114960687e+00
9.269269269269269085e-01 6.527561793890518160e+00
9.379379379379380044e-01 6.575376154744478896e+00
9.489489489489488783e-01 6.622569254678841943e+00
9.599599599599599742e-01 6.669143763695606353e+00
9.709709709709708481e-01 6.715102351796769398e+00
9.819819819819819440e-01 6.760447688984333681e+00
9.929929929929930399e-01 6.805182445260294699e+00
1.004004004004003914e+00 6.849309290626651503e+00
1.015015015015015010e+00 6.892830895085401366e+00
1.026026026026026106e+00 6.935749928638545114e+00
1.037037037037037202e+00 6.978069061288083574e+00
1.048048048048047853e+00 7.019790963036009579e+00
1.059059059059058949e+00 7.060918303884326619e+00
1.070070070070070045e+00 7.101453753835031080e+00
1.081081081081081141e+00 7.141399982890121123e+00
1.092092092092092237e+00 7.180759661051598464e+00
1.103103103103102889e+00 7.219535458321457710e+00
1.114114114114113985e+00 7.257730044701701466e+00
1.125125125125125081e+00 7.295346090194325228e+00
1.136136136136136177e+00 7.332386264801328046e+00
1.147147147147147273e+00 7.368853238524712523e+00
1.158158158158157924e+00 7.404749681366470604e+00
1.169169169169169020e+00 7.440078263328608443e+00
1.180180180180180116e+00 7.474841654413117986e+00
1.191191191191191212e+00 7.509042524622000059e+00
1.202202202202202308e+00 7.542683543957257264e+00
1.213213213213213404e+00 7.575767382420885099e+00
1.224224224224224056e+00 7.608296710014878173e+00
1.235235235235235152e+00 7.640274196741240864e+00
1.246246246246246248e+00 7.671702512601969559e+00
1.257257257257257343e+00 7.702584327599065972e+00
1.268268268268268439e+00 7.732922311734524712e+00
1.279279279279279091e+00 7.762719135010345717e+00
1.290290290290290187e+00 7.791977467428527149e+00
1.301301301301301283e+00 7.820699978991068946e+00
1.312312312312312379e+00 7.848889339699970158e+00
1.323323323323323475e+00 7.876548219557228947e+00
1.334334334334334127e+00 7.903679288564841698e+00
1.345345345345345223e+00 7.930285216724808350e+00
1.356356356356356319e+00 7.956368674039129729e+00
1.367367367367367414e+00 7.981932330509803997e+00
1.378378378378378510e+00 8.006978856138829315e+00
1.389389389389389162e+00 8.031510920928198516e+00
1.400400400400400258e+00 8.055531194879918644e+00
1.411411411411411354e+00 8.079042347995985196e+00
1.422422422422422450e+00 8.102047050278397222e+00
1.433433433433433546e+00 8.124547971729153772e+00
1.444444444444444642e+00 8.146547782350253897e+00
1.455455455455455294e+00 8.168049152143691316e+00
1.466466466466466390e+00 8.189054751111466857e+00
1.477477477477477485e+00 8.209567249255586674e+00
1.488488488488488581e+00 8.229589316578040936e+00
1.499499499499499677e+00 8.249123623080830470e+00
1.510510510510510329e+00 8.268172838765954324e+00
1.521521521521521425e+00 8.286739633635409774e+00
1.532532532532532521e+00 8.304826677691199421e+00
1.543543543543543617e+00 8.322436640935322316e+00
1.554554554554554713e+00 8.339572193369768627e+00
1.565565565565565365e+00 8.356236004996542732e+00
1.576576576576576461e+00 8.372430745817645459e+00
1.587587587587587556e+00 8.388159085835074080e+00
1.598598598598598652e+00 8.403423695050825870e+00
1.609609609609609748e+00 8.418227243466898102e+00
1.620620620620620400e+00 8.432572401085291602e+00
1.631631631631631496e+00 8.446461837908003645e+00
1.642642642642642592e+00 8.459898223937035056e+00
1.653653653653653688e+00 8.472884229174388437e+00
1.664664664664664784e+00 8.485422523622050406e+00
1.675675675675675436e+00 8.497515777282028893e+00
1.686686686686686532e+00 8.509166660156321171e+00
1.697697697697697627e+00 8.520377842246928068e+00
1.708708708708708723e+00 8.531151993555839752e+00
1.719719719719719819e+00 8.541491784085060601e+00
1.730730730730730915e+00 8.551399883836589666e+00
1.741741741741741567e+00 8.560878962812425996e+00
1.752752752752752663e+00 8.569931691014566866e+00
1.763763763763763759e+00 8.578560738445014877e+00
1.774774774774774855e+00 8.586768775105760199e+00
1.785785785785785951e+00 8.594558470998808986e+00
1.796796796796796603e+00 8.601932496126154959e+00
1.807807807807807698e+00 8.608893520489804274e+00
1.818818818818818794e+00 8.615444214091743547e+00
1.829829829829829890e+00 8.621587246933982485e+00
1.840840840840840986e+00 8.627325289018513033e+00
1.851851851851851638e+00 8.632661010347337793e+00
1.862862862862862734e+00 8.637597080922454040e+00
1.873873873873873830e+00 8.642136170745862600e+00
1.884884884884884926e+00 8.646280949819557193e+00
1.895895895895896022e+00 8.650034088145538647e+00
1.906906906906906674e+00 8.653398255725807786e+00
1.917917917917917769e+00 8.656376122562365438e+00
1.928928928928928865e+00 8.658970358657199995e+00
1.939939939939939961e+00 8.661183634012319388e+00
1.950950950950951057e+00 8.663018618629717338e+00
1.961961961961962153e+00 8.664477982511394671e+00
1.972972972972972805e+00 8.665564395659353991e+00
1.983983983983983901e+00 8.666280528075590794e+00
1.994994994994994997e+00 8.666629049762098802e+00
2.006006006006006093e+00 8.666612630720882393e+00
2.017017017017017189e+00 8.666233940953942394e+00
2.028028028028027840e+00 8.665495650463268973e+00
2.039039039039038936e+00 8.664400429250864732e+00
2.050050050050050032e+00 8.662950947318732275e+00
2.061061061061061128e+00 8.661149874668865323e+00
2.072072072072072224e+00 8.658999881303261148e+00
2.083083083083082876e+00 8.656503637223927683e+00
2.094094094094093972e+00 8.653663812432860425e+00
2.105105105105105068e+00 8.650483076932047766e+00
2.116116116116116164e+00 8.646964100723497637e+00
2.127127127127127260e+00 8.643109553809210865e+00
2.138138138138137911e+00 8.638922106191177619e+00
2.149149149149149007e+00 8.634404427871402277e+00
2.160160160160160103e+00 8.629559188851882112e+00
2.171171171171171199e+00 8.624389059134616176e+00
2.182182182182182295e+00 8.618896708721599964e+00
2.193193193193192947e+00 8.613084807614837857e+00
2.204204204204204043e+00 8.606956025816328903e+00
2.215215215215215139e+00 8.600513033328065049e+00
2.226226226226226235e+00 8.593758500152048896e+00
2.237237237237237331e+00 8.586695096290281271e+00
2.248248248248248427e+00 8.579325491744754117e+00
2.259259259259259078e+00 8.571652356517468263e+00
2.270270270270270174e+00 8.563678360610428086e+00
2.281281281281281270e+00 8.555406174025625532e+00
2.292292292292292366e+00 8.546838466765063203e+00
2.303303303303303462e+00 8.537977908830747253e+00
2.314314314314314114e+00 8.528827170224658971e+00
2.325325325325325210e+00 8.519388920948802735e+00
2.336336336336336306e+00 8.509665831005188252e+00
2.347347347347347402e+00 8.499660570395805692e+00
2.358358358358358497e+00 8.489375809122652328e+00
2.369369369369369149e+00 8.478814217187728985e+00
2.380380380380380245e+00 8.467978464593031163e+00
2.391391391391391341e+00 8.456871221340561462e+00
2.402402402402402437e+00 8.445495157432318933e+00
2.413413413413413533e+00 8.433852942870300851e+00
2.424424424424424185e+00 8.421947247656508040e+00
2.435435435435435281e+00 8.409780741792932446e+00
2.446446446446446377e+00 8.397356095281583777e+00
2.457457457457457473e+00 8.384675978124448648e+00
2.468468468468468568e+00 8.371743060323534991e+00
2.479479479479479664e+00 8.358560011880832974e+00
2.490490490490490316e+00 8.345129502798350529e+00
2.501501501501501412e+00 8.331454203078077825e+00
2.512512512512512508e+00 8.317536782722022792e+00
2.523523523523523604e+00 8.303379911732175600e+00
2.534534534534534700e+00 8.288986260110537074e+00
2.545545545545545352e+00 8.274358497859111594e+00
2.556556556556556448e+00 8.259499294979885775e+00
2.567567567567567544e+00 8.244411321474874654e+00
2.578578578578578639e+00 8.229097247346064847e+00
2.589589589589589735e+00 8.213559742595450075e+00
2.600600600600600387e+00 8.197801477225045375e+00
2.611611611611611483e+00 8.181825121236837361e+00
2.622622622622622579e+00 8.165633344632830415e+00
2.633633633633633675e+00 8.149228817415021808e+00
2.644644644644644771e+00 8.132614209585408815e+00
2.655655655655655423e+00 8.115792191145992263e+00
2.666666666666666519e+00 8.098765432098765871e+00
2.677677677677677615e+00 8.081536602445737572e+00
2.688688688688688710e+00 8.064108372188893981e+00
2.699699699699699806e+00 8.046483411330239477e+00
2.710710710710710458e+00 8.028664389871774887e+00
2.721721721721721554e+00 8.010653977815501037e+00
2.732732732732732650e+00 7.992454845163408095e+00
2.743743743743743746e+00 7.974069661917503993e+00
2.754754754754754842e+00 7.955501098079778899e+00
2.765765765765765938e+00 7.936751823652237192e+00
2.776776776776776590e+00 7.917824508636876146e+00
2.787787787787787686e+00 7.898721823035693035e+00
2.798798798798798781e+00 7.879446436850685132e+00
2.809809809809809877e+00 7.860001020083860368e+00
2.820820820820820973e+00 7.840388242737205360e+00
2.831831831831831625e+00 7.820610774812724486e+00
2.842842842842842721e+00 7.800671286312415020e+00
2.853853853853853817e+00 7.780572447238277789e+00
2.864864864864864913e+00 7.760316927592310066e+00
2.875875875875876009e+00 7.739907397376509124e+00
2.886886886886886661e+00 7.719346526592879343e+00
2.897897897897897757e+00 7.698636985243410891e+00
2.908908908908908852e+00 7.677781443330108146e+00
2.919919919919919948e+00 7.656782570854964831e+00
2.930930930930931044e+00 7.635643037819988876e+00
2.941941941941941696e+00 7.614365514227170451e+00
2.952952952952952792e+00 7.592952670078510380e+00
2.963963963963963888e+00 7.571407175376009491e+00
2.974974974974974984e+00 7.549731700121665057e+00
2.985985985985986080e+00 7.527928914317470799e+00
2.996996996996997176e+00 7.506001487965434649e+00
3.008008008008007828e+00 7.483952091067550327e+00
3.019019019019019368e+00 7.461783393625815108e+00
3.030030030030030019e+00 7.439498065642229818e+00
3.041041041041040671e+00 7.417098777118795283e+00
3.052052052052052211e+00 7.394588198057498118e+00
3.063063063063062863e+00 7.371968998460353362e+00
3.074074074074074403e+00 7.349243848329351181e+00
3.085085085085085055e+00 7.326415417666492402e+00
3.096096096096095707e+00 7.303486376473781405e+00
3.107107107107107247e+00 7.280459394753201252e+00
3.118118118118117899e+00 7.257337142506770533e+00
3.129129129129129439e+00 7.234122289736461653e+00
3.140140140140140090e+00 7.210817506444293201e+00
3.151151151151150742e+00 7.187425462632269557e+00
3.162162162162162282e+00 7.163948828302373784e+00
3.173173173173172934e+00 7.140390273456603154e+00
3.184184184184184474e+00 7.116752468096972706e+00
3.195195195195195126e+00 7.093038082225472607e+00
3.206206206206205778e+00 7.069249785844093026e+00
3.217217217217217318e+00 7.045390248954845447e+00
3.228228228228227970e+00 7.021462141559716486e+00
3.239239239239239510e+00 6.997468133660717626e+00
3.250250250250250161e+00 6.973410895259839037e+00
3.261261261261260813e+00 6.949293096359085098e+00
3.272272272272272353e+00 6.925117406960445976e+00
3.283283283283283005e+00 6.900886497065918945e+00
3.294294294294294545e+00 6.876603036677529701e+00
3.305305305305305197e+00 6.852269695797239990e+00
3.316316316316315849e+00 6.827889144427068402e+00
3.327327327327327389e+00 6.803464052569019316e+00
3.338338338338338041e+00 6.778997090225068689e+00
3.349349349349349581e+00 6.754490927397235112e+00
3.360360360360360232e+00 6.729948234087515857e+00
3.371371371371371772e+00 6.705371680297886883e+00
3.382382382382382424e+00 6.680763936030373884e+00
3.393393393393393076e+00 6.656127671286967029e+00
3.404404404404404616e+00 6.631465556069663592e+00
3.415415415415415268e+00 6.606780260380475056e+00
3.426426426426426808e+00 6.582074454221370274e+00
3.437437437437437460e+00 6.557350807594382047e+00
3.448448448448448111e+00 6.532611990501479227e+00
3.459459459459459651e+00 6.507860672944673297e+00
3.470470470470470303e+00 6.483099524925968637e+00
3.481481481481481843e+00 6.458331216447348311e+00
3.492492492492492495e+00 6.433558417510830907e+00
3.503503503503503147e+00 6.408783798118406594e+00
3.514514514514514687e+00 6.384010028272079751e+00
3.525525525525525339e+00 6.359239777973826335e+00
3.536536536536536879e+00 6.334475717225664937e+00
3.547547547547547531e+00 6.309720516029592829e+00
3.558558558558558182e+00 6.284976844387607287e+00
3.569569569569569722e+00 6.260247372301698476e+00
3.580580580580580374e+00 6.235534769773877883e+00
3.591591591591591914e+00 6.210841706806135676e+00
3.602602602602602566e+00 6.186170853400476233e+00
3.613613613613613218e+00 6.161524879558889722e+00
3.624624624624624758e+00 6.136906455283387629e+00
3.635635635635635410e+00 6.112318250575963674e+00
3.646646646646646950e+00 6.087762935438604472e+00
3.657657657657657602e+00 6.063243179873328614e+00
3.668668668668668253e+00 6.038761653882119163e+00
3.679679679679679793e+00 6.014321027466973391e+00
3.690690690690690445e+00 5.989923970629899230e+00
3.701701701701701985e+00 5.965573153372897508e+00
3.712712712712712637e+00 5.941271245697958392e+00
3.723723723723723289e+00 5.917020917607089814e+00
3.734734734734734829e+00 5.892824839102285495e+00
3.745745745745745481e+00 5.868685680185532050e+00
3.756756756756757021e+00 5.844606110858855175e+00
3.767767767767767673e+00 5.820588801124227274e+00
3.778778778778778324e+00 5.796636420983663385e+00
3.789789789789789864e+00 5.772751640439146570e+00
3.800800800800800516e+00 5.748937129492695419e+00
3.811811811811812056e+00 5.725195558146296548e+00
3.822822822822822708e+00 5.701529596401947231e+00
3.833833833833833360e+00 5.677941914261651846e+00
3.844844844844844900e+00 5.654435181727400561e+00
3.855855855855855552e+00 5.631012068801211967e+00
3.866866866866867092e+00 5.607675245485054916e+00
3.877877877877877744e+00 5.584427381780962207e+00
3.888888888888889284e+00 5.561271147690895589e+00
3.899899899899899935e+00 5.538209213216887861e+00
3.910910910910910587e+00 5.515244248360907875e+00
3.921921921921922127e+00 5.492378923124981327e+00
3.932932932932932779e+00 5.469615907511091280e+00
3.943943943943944319e+00 5.446957871521235006e+00
3.954954954954954971e+00 5.424407485157431097e+00
3.965965965965965623e+00 5.401967418421648404e+00
3.976976976976977163e+00 5.379640341315898411e+00
3.987987987987987815e+00 5.357428923842185498e+00
3.998998998998999355e+00 5.335335836002499832e+00
4.010010010010010006e+00 5.313363747798852899e+00
4.021021021021020658e+00 5.291515329233234866e+00
4.032032032032032198e+00 5.269793250307628796e+00
4.043043043043042850e+00 5.248200181024067490e+00
4.054054054054054390e+00 5.226738791384519800e+00
4.065065065065065042e+00 5.205411751390983000e+00
4.076076076076075694e+00 5.184221731045504100e+00
4.087087087087087234e+00 5.163171400350023532e+00
4.098098098098097886e+00 5.142263429306574096e+00
4.109109109109109426e+00 5.121500487917124644e+00
4.120120120120120077e+00 5.100885246183700872e+00
4.131131131131130729e+00 5.080420374108292947e+00
4.142142142142142269e+00 5.060108541692891038e+00
4.153153153153152921e+00 5.039952418939506629e+00
4.164164164164164461e+00 5.019954675850144099e+00
4.175175175175175113e+00 5.000117982426786511e+00
4.186186186186185765e+00 4.980445008671424034e+00
4.197197197197197305e+00 4.960938424586089468e+00
4.208208208208207957e+00 4.941600900172744559e+00
4.219219219219219497e+00 4.922435105433422109e+00
4.230230230230230148e+00 4.903443710370090969e+00
4.241241241241240800e+00 4.884629384984762623e+00
4.252252252252252340e+00 4.865994799279434346e+00
4.263263263263262992e+00 4.847542623256110517e+00
4.274274274274274532e+00 4.829275526916788408e+00
4.285285285285285184e+00 4.811196180263436872e+00
4.296296296296295836e+00 4.793307253298110027e+00
4.307307307307307376e+00 4.775611416022769617e+00
4.318318318318318028e+00 4.758111338439412918e+00
4.329329329329329568e+00 4.740809690550058519e+00
4.340340340340340219e+00 4.723709142356696589e+00
4.351351351351350871e+00 4.706812363861310189e+00
4.362362362362362411e+00 4.690122025065910805e+00
4.373373373373373063e+00 4.673640795972502815e+00
4.384384384384384603e+00 4.657371346583090599e+00
4.395395395395395255e+00 4.641316346899643008e+00
4.406406406406406795e+00 4.625478466924178633e+00
4.417417417417417447e+00 4.609860376658708958e+00
4.428428428428428099e+00 4.594464746105202835e+00
4.439439439439439639e+00 4.579294245265685959e+00
4.450450450450450290e+00 4.564351544142134287e+00
4.461461461461461830e+00 4.549639312736566410e+00
4.472472472472472482e+00 4.535160221050972496e+00
4.483483483483483134e+00 4.520916939087364028e+00
4.494494494494494674e+00 4.506912136847716965e+00
4.505505505505505326e+00 4.493148484334028581e+00
4.516516516516516866e+00 4.479628651548317464e+00
4.527527527527527518e+00 4.466355308492580889e+00
4.538538538538538170e+00 4.453331125168794813e+00
4.549549549549549710e+00 4.440558771578970720e+00
4.560560560560560361e+00 4.428040917725127201e+00
4.571571571571571901e+00 4.415780233609240213e+00
4.582582582582582553e+00 4.403779389233299923e+00
4.593593593593593205e+00 4.392041054599339134e+00
4.604604604604604745e+00 4.380567899709326696e+00
4.615615615615615397e+00 4.369362594565281199e+00
4.626626626626626937e+00 4.358427809169178602e+00
4.637637637637637589e+00 4.347766213523037493e+00
4.648648648648648241e+00 4.337380477628840936e+00
4.659659659659659781e+00 4.327273271488586204e+00
4.670670670670670432e+00 4.317447265104306098e+00
4.681681681681681972e+00 4.307905128477955259e+00
4.692692692692692624e+00 4.298649531611566488e+00
4.703703703703703276e+00 4.289683144507108636e+00
4.714714714714714816e+00 4.281008637166600295e+00
4.725725725725725468e+00 4.272628679592038736e+00
4.736736736736737008e+00 4.264545941785414129e+00
4.747747747747747660e+00 4.256763093748745064e+00
4.758758758758758312e+00 4.249282805484000392e+00
4.769769769769769852e+00 4.242107746993184492e+00
4.780780780780780503e+00 4.235240588278308849e+00
4.791791791791792043e+00 4.228683999341377842e+00
4.802802802802802695e+00 4.222440650184367428e+00
4.813813813813813347e+00 4.216513210809310408e+00
4.824824824824824887e+00 4.210904351218168529e+00
4.835835835835835539e+00 4.205616741412974591e+00
4.846846846846847079e+00 4.200653051395683235e+00
4.857857857857857731e+00 4.196015951168334368e+00
4.868868868868868383e+00 4.191708110732911052e+00
4.879879879879879923e+00 4.187732200091396351e+00
4.890890890890890574e+00 4.184090889245830169e+00
4.901901901901902114e+00 4.180786848198174255e+00
4.912912912912912766e+00 4.177822746950425881e+00
4.923923923923924306e+00 4.175201255504624953e+00
4.934934934934934958e+00 4.172925043862726113e+00
4.945945945945945610e+00 4.170996782026726635e+00
4.956956956956957150e+00 4.169419139998666424e+00
4.967967967967967802e+00 4.168194787780514332e+00
4.978978978978979342e+00 4.167326395374267634e+00
4.989989989989989994e+00 4.166816632781930707e+00
5.001001001001000645e+00 4.166668170005515037e+00
5.012012012012012185e+00 4.166883677046996581e+00
5.023023023023022837e+00 4.167465823908386824e+00
5.034034034034034377e+00 4.168417280591690144e+00
5.045045045045045029e+00 4.169740717098882499e+00
5.056056056056055681e+00 4.171438803432003795e+00
5.067067067067067221e+00 4.173514209592987356e+00
5.078078078078077873e+00 4.175969605583894406e+00
5.089089089089089413e+00 4.178807661406722218e+00
5.100100100100100065e+00 4.182031047063411222e+00
5.111111111111110716e+00 4.185642432556008430e+00
5.122122122122122256e+00 4.189644487886511115e+00
5.133133133133132908e+00 4.194039883056888129e+00
5.144144144144144448e+00 4.198831288069165169e+00
5.155155155155155100e+00 4.204021372925339506e+00
5.166166166166165752e+00 4.209612807627401310e+00
5.177177177177177292e+00 4.215608262177362064e+00
5.188188188188187944e+00 4.222010406577190622e+00
5.199199199199199484e+00 4.228821910828905573e+00
5.210210210210210136e+00 4.236045444934511295e+00
5.221221221221220787e+00 4.243683678896012168e+00
5.232232232232232327e+00 4.251739282715355728e+00
5.243243243243242979e+00 4.260214926394610302e+00
5.254254254254254519e+00 4.269113279935744742e+00
5.265265265265265171e+00 4.278437013340749218e+00
5.276276276276275823e+00 4.288188796611642317e+00
5.287287287287287363e+00 4.298371299750407104e+00
5.298298298298298015e+00 4.308987192759019536e+00
5.309309309309309555e+00 4.320039145639519518e+00
5.320320320320320207e+00 4.331529828393890114e+00
5.331331331331330858e+00 4.343461911024121491e+00
5.342342342342342398e+00 4.355838063532246451e+00
5.353353353353353050e+00 4.368660955920226741e+00
5.364364364364364590e+00 4.381933258190052527e+00
5.375375375375375242e+00 4.395657640343777928e+00
5.386386386386385894e+00 4.409836772383336267e+00
5.397397397397397434e+00 4.424473324310767453e+00
5.408408408408408086e+00 4.439569966128061651e+00
5.419419419419419626e+00 4.455129367837194820e+00
5.430430430430430278e+00 4.471154199440199761e+00
5.441441441441441818e+00 4.487647130939080853e+00
5.452452452452452469e+00 4.504610832335785631e+00
5.463463463463463121e+00 4.522047973632361106e+00
5.474474474474474661e+00 4.539961224830776132e+00
5.485485485485485313e+00 4.558353255933035086e+00
5.496496496496496853e+00 4.577226736941170770e+00
5.507507507507507505e+00 4.596584337857144931e+00
5.518518518518518157e+00 4.616428728682961946e+00
5.529529529529529697e+00 4.636762579420611985e+00
5.540540540540540349e+00 4.657588560072120742e+00
5.551551551551551889e+00 4.678909340639478387e+00
5.562562562562562540e+00 4.700727591124660876e+00
5.573573573573573192e+00 4.723045981529693904e+00
5.584584584584584732e+00 4.745867181856560535e+00
5.595595595595595384e+00 4.769193862107265147e+00
5.606606606606606924e+00 4.793028692283805015e+00
5.617617617617617576e+00 4.817374342388170305e+00
5.628628628628628228e+00 4.842233482422386714e+00
5.639639639639639768e+00 4.867608782388415989e+00
5.650650650650650419e+00 4.893502912288298035e+00
5.661661661661661959e+00 4.919918542123980387e+00
5.672672672672672611e+00 4.946858341897517164e+00
5.683683683683683263e+00 4.974324981610863006e+00
5.694694694694694803e+00 5.002321131266079135e+00
5.705705705705705455e+00 5.030849460865049139e+00
5.716716716716716995e+00 5.059912640409883977e+00
5.727727727727727647e+00 5.089513339902559608e+00
5.738738738738738299e+00 5.119654229345016461e+00
5.749749749749749839e+00 5.150337978739280231e+00
5.760760760760760490e+00 5.181567258087390826e+00
5.771771771771772030e+00 5.213344737391309991e+00
5.782782782782782682e+00 5.245673086653020789e+00
5.793793793793793334e+00 5.278554975874584443e+00
5.804804804804804874e+00 5.311993075057941383e+00
5.815815815815815526e+00 5.345990054205103092e+00
5.826826826826827066e+00 5.380548583318073952e+00
5.837837837837837718e+00 5.415671332398865445e+00
5.848848848848848370e+00 5.451360971449446424e+00
5.859859859859859910e+00 5.487620170471856795e+00
5.870870870870870561e+00 5.524451599468044094e+00
5.881881881881882101e+00 5.561857928440069543e+00
5.892892892892892753e+00 5.599841827389852256e+00
5.903903903903903405e+00 5.638405966319460560e+00
5.914914914914914945e+00 5.677553015230884625e+00
5.925925925925925597e+00 5.717285644126079092e+00
5.936936936936937137e+00 5.757606523007048338e+00
5.947947947947947789e+00 5.798518321875846482e+00
5.958958958958959329e+00 5.840023710734428164e+00
5.969969969969969981e+00 5.882125359584811974e+00
5.980980980980980632e+00 5.924825938428952554e+00
5.991991991991992172e+00 5.968128117268918231e+00
6.003003003003002824e+00 6.012034566106656541e+00
6.014014014014014364e+00 6.056547954944207390e+00
6.025025025025025016e+00 6.101670953783468576e+00
6.036036036036035668e+00 6.147406232626593692e+00
6.047047047047047208e+00 6.193756461475473429e+00
6.058058058058057860e+00 6.240724310332147695e+00
6.069069069069069400e+00 6.288312449198564025e+00
6.080080080080080052e+00 6.336523548076769430e+00
6.091091091091090703e+00 6.385360276968761184e+00
6.102102102102102243e+00 6.434825305876522350e+00
6.113113113113112895e+00 6.484921304802057307e+00
6.124124124124124435e+00 6.535650943747384645e+00
6.135135135135135087e+00 6.587016892714501637e+00
6.146146146146145739e+00 6.639021821705341608e+00
6.157157157157157279e+00 6.691668400721972887e+00
6.168168168168167931e+00 6.744959299766364325e+00
6.179179179179179471e+00 6.798897188840498984e+00
6.190190190190190123e+00 6.853484737946423877e+00
6.201201201201200774e+00 6.908724617086136277e+00
6.212212212212212314e+00 6.964619496261576614e+00
6.223223223223222966e+00 7.021172045474777690e+00
6.234234234234234506e+00 7.078384934727779410e+00
6.245245245245245158e+00 7.136260834022493782e+00
6.256256256256255810e+00 7.194802413360989135e+00
6.267267267267267350e+00 7.254012342745227215e+00
6.278278278278278002e+00 7.313893292177233718e+00
6.289289289289289542e+00 7.374447931658941968e+00
6.300300300300300194e+00 7.435678931192455821e+00
6.311311311311310845e+00 7.497588960779701495e+00
6.322322322322322385e+00 7.560180690422704686e+00
6.333333333333333037e+00 7.623456790123441351e+00
6.344344344344344577e+00 7.687419929883958503e+00
6.355355355355355229e+00 7.752072779706182359e+00
6.366366366366365881e+00 7.817418009592159933e+00
6.377377377377377421e+00 7.883458289543888498e+00
6.388388388388388073e+00 7.950196289563336904e+00
6.399399399399399613e+00 8.017634679652559271e+00
6.410410410410410265e+00 8.085776129813481816e+00
6.421421421421420916e+00 8.154623310048165763e+00
6.432432432432432456e+00 8.224178890358601279e+00
6.443443443443443108e+00 8.294445540746750112e+00
6.454454454454454648e+00 8.365425931214616639e+00
6.465465465465465300e+00 8.437122731764205241e+00
6.476476476476476840e+00 8.509538612397534507e+00
6.487487487487487492e+00 8.582676243116637238e+00
6.498498498498498144e+00 8.656538293923418337e+00
6.509509509509509684e+00 8.731127434819939026e+00
6.520520520520520336e+00 8.806446335808189474e+00
6.531531531531531876e+00 8.882497666890159849e+00
6.542542542542542527e+00 8.959284098067868740e+00
6.553553553553553179e+00 9.036808299343277895e+00
6.564564564564564719e+00 9.115072940718391692e+00
6.575575575575575371e+00 9.194080692195242932e+00
6.586586586586586911e+00 9.273834223775821783e+00
6.597597597597597563e+00 9.354336205462118414e+00
6.608608608608608215e+00 9.435589307256080360e+00
6.619619619619619755e+00 9.517596199159811476e+00
6.630630630630630407e+00 9.600359551175230877e+00
6.641641641641641947e+00 9.683882033304371362e+00
6.652652652652652598e+00 9.768166315549194678e+00
6.663663663663663250e+00 9.853215067911762048e+00
6.674674674674674790e+00 9.939030960393978376e+00
6.685685685685685442e+00 1.002561666299794751e+01
6.696696696696696982e+00 1.011297484572563121e+01
6.707707707707707634e+00 1.020110817857897700e+01
6.718718718718718286e+00 1.029001933156001769e+01
6.729729729729729826e+00 1.037971097467078607e+01
6.740740740740740478e+00 1.047018577791325811e+01
6.751751751751752018e+00 1.056144641128940975e+01
6.762762762762762669e+00 1.065349554480124539e+01
6.773773773773773321e+00 1.074633584845081202e+01
6.784784784784784861e+00 1.083996999224005719e+01
6.795795795795795513e+00 1.093440064617098528e+01
6.806806806806807053e+00 1.102963048024558645e+01
6.817817817817817705e+00 1.112566216446589351e+01
6.828828828828828357e+00 1.122249836883389662e+01
6.839839839839839897e+00 1.132014176335157174e+01
6.850850850850850549e+00 1.141859501802095167e+01
6.861861861861862089e+00 1.151786080284399816e+01
6.872872872872872740e+00 1.161794178782271558e+01
6.883883883883883392e+00 1.171884064295915095e+01
6.894894894894894932e+00 1.182056003825523760e+01
6.905905905905905584e+00 1.192310264371297990e+01
6.916916916916917124e+00 1.202647112933443907e+01
6.927927927927927776e+00 1.213066816512153423e+01
6.938938938938938428e+00 1.223569642107632660e+01
6.949949949949949968e+00 1.234155856720080635e+01
6.960960960960960620e+00 1.244825727349692102e+01
6.971971971971972160e+00 1.255579520996670340e+01
6.982982982982982811e+00 1.266417504661221471e+01
6.993993993993994351e+00 1.277339945343535987e+01
7.005005005005005003e+00 1.288347110043815746e+01
7.016016016016015655e+00 1.299439265762262607e+01
7.027027027027026307e+00 1.310616679499075588e+01
7.038038038038038735e+00 1.321879618254456545e+01
7.049049049049049387e+00 1.333228349028600235e+01
7.060060060060060039e+00 1.344663138821712778e+01
7.071071071071070691e+00 1.356184254633990349e+01
7.082082082082081342e+00 1.367791963465631966e+01
7.093093093093093771e+00 1.379486532316840908e+01
7.104104104104104422e+00 1.391268228187813349e+01
7.115115115115115074e+00 1.403137318078753992e+01
7.126126126126125726e+00 1.415094068989856169e+01
7.137137137137136378e+00 1.427138747921326001e+01
7.148148148148148806e+00 1.439271621873359663e+01
7.159159159159159458e+00 1.451492957846160436e+01
7.170170170170170110e+00 1.463803022839920231e+01
7.181181181181180762e+00 1.476202083854848013e+01
7.192192192192191413e+00 1.488690407891139955e+01
7.203203203203203842e+00 1.501268261948996496e+01
7.214214214214214493e+00 1.513935913028616653e+01
7.225225225225225145e+00 1.526693628130199443e+01
7.236236236236235797e+00 1.539541674253949566e+01
7.247247247247246449e+00 1.552480318400057513e+01
7.258258258258258877e+00 1.565509827568736512e+01
7.269269269269269529e+00 1.578630468760172789e+01
7.280280280280280181e+00 1.591842508974571047e+01
7.291291291291290833e+00 1.605146215212135985e+01
7.302302302302301484e+00 1.618541854473063779e+01
7.313313313313313913e+00 1.632029693757554867e+01
7.324324324324324564e+00 1.645610000065805423e+01
7.335335335335335216e+00 1.659283040398020148e+01
7.346346346346345868e+00 1.673049081754399481e+01
7.357357357357356520e+00 1.686908391135141017e+01
7.368368368368368948e+00 1.700861235540440930e+01
7.379379379379379600e+00 1.714907881970505343e+01
7.390390390390390252e+00 1.729048597425531852e+01
7.401401401401400904e+00 1.743283648905719474e+01
7.412412412412411555e+00 1.757613303411270067e+01
7.423423423423423984e+00 1.772037827942381227e+01
7.434434434434434635e+00 1.786557489499254814e+01
7.445445445445445287e+00 1.801172555082085580e+01
7.456456456456455939e+00 1.815883291691082491e+01
7.467467467467466591e+00 1.830689966326434615e+01
7.478478478478479019e+00 1.845592845988355180e+01
7.489489489489489671e+00 1.860592197677027571e+01
7.500500500500500323e+00 1.875688288392667857e+01
7.511511511511510975e+00 1.890881385135469372e+01
7.522522522522521626e+00 1.906171754905622606e+01
7.533533533533534055e+00 1.921559664703340786e+01
7.544544544544544706e+00 1.937045381528824350e+01
7.555555555555555358e+00 1.952629172382258105e+01
7.566566566566566010e+00 1.968311304263856698e+01
7.577577577577576662e+00 1.984092044173812042e+01
7.588588588588589090e+00 1.999971659112333100e+01
7.599599599599599742e+00 2.015950416079607521e+01
7.610610610610610394e+00 2.032028582075841427e+01
7.621621621621621046e+00 2.048206424101239520e+01
7.632632632632631697e+00 2.064484209155989447e+01
7.643643643643644126e+00 2.080862204240305857e+01
7.654654654654654777e+00 2.097340676354374978e+01
7.665665665665665429e+00 2.113919892498404351e+01
7.676676676676676081e+00 2.130600119672591575e+01
7.687687687687686733e+00 2.147381624877137085e+01
7.698698698698699161e+00 2.164264675112242742e+01
7.709709709709709813e+00 2.181249537378107561e+01
7.720720720720720465e+00 2.198336478674926298e+01
7.731731731731731116e+00 2.215525766002903651e+01
7.742742742742743545e+00 2.232817666362240061e+01
7.753753753753754197e+00 2.250212446753134543e+01
7.764764764764764848e+00 2.267710374175781851e+01
7.775775775775775500e+00 2.285311715630388107e+01
7.786786786786786152e+00 2.303016738117153750e+01
7.797797797797798580e+00 2.320825708636277795e+01
7.808808808808809232e+00 2.338738894187954998e+01
7.819819819819819884e+00 2.356756561772390057e+01
7.830830830830830536e+00 2.374878978389779149e+01
7.841841841841841187e+00 2.393106411040324133e+01
7.852852852852853616e+00 2.411439126724235393e+01
7.863863863863864268e+00 2.429877392441693473e+01
7.874874874874874919e+00 2.448421475192908758e+01
7.885885885885885571e+00 2.467071641978076002e+01
7.896896896896896223e+00 2.485828159797407011e+01
7.907907907907908651e+00 2.504691295651093697e+01
7.918918918918919303e+00 2.523661316539329391e+01
7.929929929929929955e+00 2.542738489462323059e+01
7.940940940940940607e+00 2.561923081420270876e+01
7.951951951951951258e+00 2.581215359413377541e+01
7.962962962962963687e+00 2.600615590441837810e+01
7.973973973973974338e+00 2.620124041505852119e+01
7.984984984984984990e+00 2.639740979605619486e+01
7.995995995995995642e+00 2.659466671741343191e+01
8.007007007007006294e+00 2.679301384913215145e+01
8.018018018018018722e+00 2.699245386121451418e+01
8.029029029029029374e+00 2.719298942366242500e+01
8.040040040040040026e+00 2.739462320647774618e+01
8.051051051051050678e+00 2.759735787966269527e+01
8.062062062062061329e+00 2.780119611321914874e+01
8.073073073073073758e+00 2.800614057714922467e+01
8.084084084084084409e+00 2.821219394145471426e+01
8.095095095095095061e+00 2.841935887613783507e+01
8.106106106106105713e+00 2.862763805120039251e+01
8.117117117117116365e+00 2.883703413664456150e+01
8.128128128128128793e+00 2.904754980247221852e+01
8.139139139139139445e+00 2.925918771868542478e+01
8.150150150150150097e+00 2.947195055528612784e+01
8.161161161161160749e+00 2.968584098227637469e+01
8.172172172172171400e+00 2.990086166965812708e+01
8.183183183183183829e+00 3.011701528743344625e+01
8.194194194194194480e+00 3.033430450560429392e+01
8.205205205205205132e+00 3.055273199417256080e+01
8.216216216216215784e+00 3.077230042314045022e+01
8.227227227227226436e+00 3.099301246250976760e+01
8.238238238238238864e+00 3.121487078228273049e+01
8.249249249249249516e+00 3.143787805246105904e+01
8.260260260260260168e+00 3.166203694304702765e+01
8.271271271271270820e+00 3.188735012404239910e+01
8.282282282282281471e+00 3.211382026544933410e+01
8.293293293293293900e+00 3.234145003726982281e+01
8.304304304304304551e+00 3.257024210950575593e+01
8.315315315315315203e+00 3.280019915215920889e+01
8.326326326326325855e+00 3.303132383523218607e+01
8.337337337337336507e+00 3.326361882872663500e+01
8.348348348348348935e+00 3.349708680264464533e+01
8.359359359359359587e+00 3.373173042698806512e+01
8.370370370370370239e+00 3.396755237175906927e+01
8.381381381381380891e+00 3.420455530695950586e+01
8.392392392392391542e+00 3.444274190259142188e+01
8.403403403403403971e+00 3.468211482865696382e+01
8.414414414414414622e+00 3.492267675515790870e+01
8.425425425425425274e+00 3.516443035209633194e+01
8.436436436436435926e+00 3.540737828947429477e+01
8.447447447447446578e+00 3.565152323729371631e+01
8.458458458458459006e+00 3.589686786555658671e+01
8.469469469469469658e+00 3.614341484426503825e+01
8.480480480480480310e+00 3.639116684342090480e+01
8.491491491491490962e+00 3.664012653302629019e+01
8.502502502502501613e+00 3.689029658308309934e+01
8.513513513513514042e+00 3.714167966359347872e+01
8.524524524524524693e+00 3.739427844455930483e+01
8.535535535535535345e+00 3.764809559598256783e+01
8.546546546546545997e+00 3.790313378786535736e+01
8.557557557557556649e+00 3.815939569020962097e+01
8.568568568568569077e+00 3.841688397301732039e+01
8.579579579579579729e+00 3.867560130629051685e+01
8.590590590590590381e+00 3.893555036003121472e+01
8.601601601601601033e+00 3.919673380424134734e+01
8.612612612612611684e+00 3.945915430892293330e+01
8.623623623623624113e+00 3.972281454407811907e+01
8.634634634634634764e+00 3.998771717970863904e+01
8.645645645645645416e+00 4.025386488581663968e+01
8.656656656656656068e+00 4.052126033240412539e+01
8.667667667667666720e+00 4.078990618947307212e+01
8.678678678678679148e+00 4.105980512702552687e+01
8.689689689689689800e+00 4.133095981506340877e+01
8.700700700700700452e+00 4.160337292358867955e+01
8.711711711711711104e+00 4.187704712260344309e+01
8.722722722722721755e+00 4.215198508210971795e+01
8.733733733733734184e+00 4.242818947210940905e+01
8.744744744744744835e+00 4.270566296260454919e+01
8.755755755755755487e+00 4.298440822359724223e+01
8.766766766766766139e+00 4.326442792508923674e+01
8.777777777777778567e+00 4.354572473708280711e+01
8.788788788788789219e+00 4.382830132957974456e+01
8.799799799799799871e+00 4.411216037258211031e+01
8.810810810810810523e+00 4.439730453609197980e+01
8.821821821821821175e+00 4.468373649011128634e+01
8.832832832832833603e+00 4.497145890464200590e+01
8.843843843843844255e+00 4.526047444968621392e+01
8.854854854854854906e+00 4.555078579524575844e+01
8.865865865865865558e+00 4.584239561132287122e+01
8.876876876876876210e+00 4.613530656791932927e+01
8.887887887887888638e+00 4.642952133503732171e+01
8.898898898898899290e+00 4.672504258267865396e+01
8.909909909909909942e+00 4.702187298084547251e+01
8.920920920920920594e+00 4.732001519953968227e+01
8.931931931931931246e+00 4.761947190876327340e+01
8.942942942942943674e+00 4.792024577851847766e+01
8.953953953953954326e+00 4.822233947880702942e+01
8.964964964964964977e+00 4.852575567963093306e+01
8.975975975975975629e+00 4.883049705099227822e+01
8.986986986986986281e+00 4.913656626289315454e+01
8.997997997997998709e+00 4.944396598533538167e+01
9.009009009009009361e+00 4.975269888832099241e+01
9.020020020020020013e+00 5.006276764185206218e+01
9.031031031031030665e+00 5.037417491593060959e+01
9.042042042042041317e+00 5.068692338055845426e+01
9.053053053053053745e+00 5.100101570573778531e+01
9.064064064064064397e+00 5.131645456147046502e+01
9.075075075075075048e+00 5.163324261775868251e+01
9.086086086086085700e+00 5.195138254460424321e+01
9.097097097097096352e+00 5.227087701200915149e+01
9.108108108108108780e+00 5.259172868997561068e+01
9.119119119119119432e+00 5.291394024850538358e+01
9.130130130130130084e+00 5.323751435760055983e+01
9.141141141141140736e+00 5.356245368726318645e+01
9.152152152152151388e+00 5.388876090749519676e+01
9.163163163163163816e+00 5.421643868829862356e+01
9.174174174174174468e+00 5.454548969967538596e+01
9.185185185185185119e+00 5.487591661162764467e+01
9.196196196196195771e+00 5.520772209415726195e+01
9.207207207207206423e+00 5.554090881726621376e+01
9.218218218218218851e+00 5.587547945095671764e+01
9.229229229229229503e+00 5.621143666523050797e+01
9.240240240240240155e+00 5.654878313008964597e+01
9.251251251251250807e+00 5.688752151553615022e+01
9.262262262262261459e+00 5.722765449157226669e+01
9.273273273273273887e+00 5.756918472819965871e+01
9.284284284284284539e+00 5.791211489542034485e+01
9.295295295295295190e+00 5.825644766323648582e+01
9.306306306306305842e+00 5.860218570165000074e+01
9.317317317317316494e+00 5.894933168066292239e+01
9.328328328328328922e+00 5.929788827027724096e+01
9.339339339339339574e+00 5.964785814049490398e+01
9.350350350350350226e+00 5.999924396131802951e+01
9.361361361361360878e+00 6.035204840274838034e+01
9.372372372372371530e+00 6.070627413478820245e+01
9.383383383383383958e+00 6.106192382743947178e+01
9.394394394394394610e+00 6.141900015070397956e+01
9.405405405405405261e+00 6.177750577458395753e+01
9.416416416416415913e+00 6.213744336908126797e+01
9.427427427427426565e+00 6.249881560419794368e+01
9.438438438438438993e+00 6.286162514993603168e+01
9.449449449449449645e+00 6.322587467629736580e+01
9.460460460460460297e+00 6.359156685328416359e+01
9.471471471471470949e+00 6.395870435089830153e+01
9.482482482482481601e+00 6.432728983914182663e+01
9.493493493493494029e+00 6.469732598801678591e+01
9.504504504504504681e+00 6.506881546752501322e+01
9.515515515515515332e+00 6.544176094766855556e+01
9.526526526526525984e+00 6.581616509844950258e+01
9.537537537537536636e+00 6.619203058986988708e+01
9.548548548548549064e+00 6.656936009193154291e+01
9.559559559559559716e+00 6.694815627463654550e+01
9.570570570570570368e+00 6.732842180798692766e+01
9.581581581581581020e+00 6.771015936198465113e+01
9.592592592592591672e+00 6.809337160663176292e+01
9.603603603603604100e+00 6.847806121193021056e+01
9.614614614614614752e+00 6.886423084788199844e+01
9.625625625625625403e+00 6.925188318448911673e+01
9.636636636636636055e+00 6.964102089175359822e+01
9.647647647647646707e+00 7.003164663967736203e+01
9.658658658658659135e+00 7.042376309826262570e+01
9.669669669669669787e+00 7.081737293751112361e+01
9.680680680680680439e+00 7.121247882742497382e+01
9.691691691691691091e+00 7.160908343800613807e+01
9.702702702702701743e+00 7.200718943925663496e+01
9.713713713713714171e+00 7.240679950117852570e+01
9.724724724724724823e+00 7.280791629377371521e+01
9.735735735735735474e+00 7.321054248704419365e+01
9.746746746746746126e+00 7.361468075099205066e+01
9.757757757757756778e+00 7.402033375561920536e+01
9.768768768768769206e+00 7.442750417092776161e+01
9.779779779779779858e+00 7.483619466691961009e+01
9.790790790790790510e+00 7.524640791359675518e+01
9.801801801801801162e+00 7.565814658096130074e+01
9.812812812812813590e+00 7.607141333901512326e+01
9.823823823823824242e+00 7.648621085776022710e+01
9.834834834834834894e+00 7.690254180719871613e+01
9.845845845845845545e+00 7.732040885733245261e+01
9.856856856856856197e+00 7.773981467816358304e+01
9.867867867867868625e+00 7.816076193969411179e+01
9.878878878878879277e+00 7.858325331192577323e+01
9.889889889889889929e+00 7.900729146486082755e+01
9.900900900900900581e+00 7.943287906850112279e+01
9.911911911911911233e+00 7.986001879284881966e+01
9.922922922922923661e+00 8.028871330790592253e+01
9.933933933933934313e+00 8.071896528367415158e+01
9.944944944944944965e+00 8.115077739015572433e+01
9.955955955955955616e+00 8.158415229735261676e+01
9.966966966966966268e+00 8.201909267526686165e+01
9.977977977977978696e+00 8.245560119390044918e+01
9.988988988988989348e+00 8.289368052325517056e+01
1.000000000000000000e+01 8.333333333333331439e+01
