0.000000000000000000e+00
0.000000000000000000e+00
0.000000000000000000e+00
0.000000000000000000e+00
0.000000000000000000e+00
0.000000000000000000e+00
0.000000000000000000e+00
0.000000000000000000e+00
0.000000000000000000e+00
0.000000000000000000e+00
0.000000000000000000e+00
0.000000000000000000e+00
0.000000000000000000e+00
0.000000000000000000e+00
0.000000000000000000e+00
0.000000000000000000e+00
0.000000000000000000e+00
1.545000000000006871e-03
4.634899999999999957e-03
7.724800000000007355e-03
1.081499999999999996e-02
1.390500000000000069e-02
1.699499999999999969e-02
2.008500000000001257e-02
2.317400000000001403e-02
2.626399999999999915e-02
2.935400000000000162e-02
3.244400000000000062e-02
3.553400000000001696e-02
3.862400000000001249e-02
4.171400000000000108e-02
5.299700000000000244e-02
6.257400000000000462e-02
6.927900000000004888e-02
7.496900000000002173e-02
7.278400000000000147e-02
6.867199999999999693e-02
7.103099999999999692e-02
7.404900000000004534e-02
7.875500000000000556e-02
8.425199999999999356e-02
9.742499999999990057e-02
1.095000000000000001e-01
1.135099999999999998e-01
1.145100000000000007e-01
1.082999999999999935e-01
1.084399999999998143e-01
1.164700000000000041e-01
1.251499999999999835e-01
1.324799999999999867e-01
1.366999999999999882e-01
1.401799999999999158e-01
1.449199999999999933e-01
1.505500000000001282e-01
1.572300000000000086e-01
1.638400000000000134e-01
1.711100000000000121e-01
1.780299999999999938e-01
1.856000000000000705e-01
1.924899999999999944e-01
2.010299999999999865e-01
2.081900000000000139e-01
2.145700000000000107e-01
2.188000000000000500e-01
2.243999999999999884e-01
2.306999999999999884e-01
2.360700000000001408e-01
2.454500000000000015e-01
2.533500000000001307e-01
2.625000000000000111e-01
2.705500000000000127e-01
2.736200000000001409e-01
2.829200000000000048e-01
2.895100000000000451e-01
2.953600000000000114e-01
3.003299999999999859e-01
3.034600000000001740e-01
3.116499999999999826e-01
3.165500000000000536e-01
3.212200000000000055e-01
3.265199999999999769e-01
3.322200000000000153e-01
3.358000000000003760e-01
3.425300000000000011e-01
3.465300000000000047e-01
3.537399999999999989e-01
3.592400000000000038e-01
3.608800000000000341e-01
3.650300000000000211e-01
3.672199999999999909e-01
3.696099999999999941e-01
3.734999999999999987e-01
3.737500000000000266e-01
3.723400000000000043e-01
3.692599999999999771e-01
3.637500000000000178e-01
3.638900000000001023e-01
3.651599999999998181e-01
3.613000000000000100e-01
3.525499999999999745e-01
3.515300000000000091e-01
3.502399999999998847e-01
3.492399999999998839e-01
3.507199999999999762e-01
3.495500000000000274e-01
3.405699999999999839e-01
3.401400000000000534e-01
3.425399999999998446e-01
3.383700000000000041e-01
3.380099999999999771e-01
3.355199999999999849e-01
3.342399999999998150e-01
3.355799999999998784e-01
3.320699999999999763e-01
3.356500000000000039e-01
3.336299999999999821e-01
3.335099999999999176e-01
3.341399999999999371e-01
3.319099999999999828e-01
3.345099999999999740e-01
3.332899999999999752e-01
3.302100000000001701e-01
3.305099999999999705e-01
3.284599999999999742e-01
3.288699999999999957e-01
3.271600000000000064e-01
3.288599999999997636e-01
3.258100000000000440e-01
3.231600000000000028e-01
3.240799999999999792e-01
3.160100000000000131e-01
3.110700000000003462e-01
3.098999999999999533e-01
3.132800000000000029e-01
3.132599999999999829e-01
3.027000000000000246e-01
3.035300000000001885e-01
3.020499999999993190e-01
2.989800000000000235e-01
2.904999999999999805e-01
2.928899999999999837e-01
2.859199999999996744e-01
2.855400000000000715e-01
2.834200000000000053e-01
2.788200000000000123e-01
2.727700000000000125e-01
2.726299999999999835e-01
2.677600000000006641e-01
2.639500000000000179e-01
2.627999999999999781e-01
2.596600000000000019e-01
2.596000000000002195e-01
2.660699999999999177e-01
2.639699999999999824e-01
2.633199999999999985e-01
2.595500000000000029e-01
2.612499999999998712e-01
2.596600000000000019e-01
2.595000000000000084e-01
2.584600000000000231e-01
2.572499999999999787e-01
2.518599999999999728e-01
2.566200000000000148e-01
2.595000000000000084e-01
2.571799999999990205e-01
2.644799999999999929e-01
2.667700000000000071e-01
2.661600000000000077e-01
2.661600000000000077e-01
2.651499999999998303e-01
2.626800000000000246e-01
2.664300000000000002e-01
2.713700000000000001e-01
2.717700000000000116e-01
2.708699999999997221e-01
2.702899999999999747e-01
2.712999999999999856e-01
2.710400000000000031e-01
2.732600000000000029e-01
2.683599999999990993e-01
2.755099999999999771e-01
2.776500000000000079e-01
2.761799999999999811e-01
2.745600000000000263e-01
2.750199999999986544e-01
2.724699999999999900e-01
2.698400000000000243e-01
2.736100000000000199e-01
2.719300000000000050e-01
2.738800000000008450e-01
2.778999999999999804e-01
2.825500000000000234e-01
2.782200000000001339e-01
2.771199999999999775e-01
2.808899999999992514e-01
2.773800000000000154e-01
2.811899999999999955e-01
2.871699999999995923e-01
2.843300000000000272e-01
2.794600000000003748e-01
2.808599999999999985e-01
2.828800000000000203e-01
2.820800000000001639e-01
2.811799999999999855e-01
2.820599999999994223e-01
2.803399999999999781e-01
2.770599999999999730e-01
2.753300000000002412e-01
2.778399999999999759e-01
2.779600000000004290e-01
2.757999999999999896e-01
2.756299999999999861e-01
2.761399999999996635e-01
2.793599999999999972e-01
2.787799999999995282e-01
2.792600000000000082e-01
2.772000000000000020e-01
2.742000000000009430e-01
2.751899999999999902e-01
2.755700000000007588e-01
2.761299999999999866e-01
2.761100000000000221e-01
2.742799999999996352e-01
2.717999999999999861e-01
2.707699999999995111e-01
2.722700000000000120e-01
2.736399999999999944e-01
2.728800000000002890e-01
2.738700000000000023e-01
2.680699999999997529e-01
2.664099999999999802e-01
2.706299999999999817e-01
2.717100000000003401e-01
2.697100000000000053e-01
2.743099999999997762e-01
2.767399999999999860e-01
2.780099999999999794e-01
2.750799999999996026e-01
2.800500000000000211e-01
2.834400000000005804e-01
2.989999999999999880e-01
2.902100000000000235e-01
2.867600000000001814e-01
2.862199999999999744e-01
2.904000000000009352e-01
2.909999999999999809e-01
3.008199999999999763e-01
3.015999999999995351e-01
3.035800000000000165e-01
3.063500000000001222e-01
3.099999999999999978e-01
3.180000000000000049e-01
3.260000000000002895e-01
3.340000000000000191e-01
3.420000000000003038e-01
3.499999999999999778e-01
3.595999999999999752e-01
3.692000000000003057e-01
3.788000000000000256e-01
3.884000000000003561e-01
3.980000000000000204e-01
4.069999999999999729e-01
4.160000000000003140e-01
4.249999999999999889e-01
4.340000000000003300e-01
4.430000000000000049e-01
4.531999999999999917e-01
4.634000000000003672e-01
4.736000000000000210e-01
4.838000000000003964e-01
4.939999999999999947e-01
5.040000000000000036e-01
5.140000000000003455e-01
5.240000000000000213e-01
5.287900000000000933e-01
5.330000000000000293e-01
5.370000000000000329e-01
5.410000000000001474e-01
5.450000000000000400e-01
5.490000000000001545e-01
5.530000000000000471e-01
5.563299999999999912e-01
5.596700000000001118e-01
5.629999999999999449e-01
5.663300000000001111e-01
5.689999999999999503e-01
5.762000000000000455e-01
5.834000000000002517e-01
5.906000000000000139e-01
5.978000000000002201e-01
6.049999999999999822e-01
6.263300000000000534e-01
7.119999999999997442e-01
7.053300000000000125e-01
6.986699999999997912e-01
6.919999999999999485e-01
6.904000000000000137e-01
6.887999999999998568e-01
6.872000000000000330e-01
6.855999999999998762e-01
6.840000000000000524e-01
6.895999999999999908e-01
6.952000000000002622e-01
7.007999999999999785e-01
7.064000000000002499e-01
7.119999999999999662e-01
7.191999999999999504e-01
7.264000000000002677e-01
7.284000000000000474e-01
7.251999999999998447e-01
7.219999999999999751e-01
7.194000000000000394e-01
7.167999999999998817e-01
7.141999999999999460e-01
7.115999999999998993e-01
7.089999999999999636e-01
7.076000000000000068e-01
7.062000000000000499e-01
7.047999999999999821e-01
7.034000000000000252e-01
