3.433417884261283793e-03
6.017872138632341349e-03
9.670699399893246603e-03
1.330276543433983952e-02
1.910847455141597914e-02
2.471590109495239163e-02
3.047952845406318861e-02
3.617915603226410509e-02
3.787907633744616587e-02
3.939967711018811658e-02
3.496214643934449778e-02
2.835749742644404908e-02
2.377538880571224145e-02
1.671318145322118337e-02
3.029155333188237459e-02
4.047549116326097651e-02
5.457958472110753523e-02
6.682272111537645998e-02
7.196645709768149934e-02
7.708501762443373262e-02
7.215938425376905441e-02
6.613279127381199718e-02
5.536190969508227727e-02
4.031448279204736390e-02
3.351534297573383753e-02
2.399422924486543235e-02
3.449625927892013139e-02
4.298978869938929748e-02
5.266646676565557572e-02
6.130804489041059152e-02
6.523304449385403103e-02
6.910849521423002850e-02
6.760380448880307092e-02
6.590183587097528384e-02
5.914657915360015811e-02
5.097071620416573218e-02
3.978266453454402246e-02
2.255043212696948920e-02
1.981091466854452768e-02
1.642513812258701231e-02
4.121014833909555225e-02
5.653424607627899334e-02
7.272528905759403917e-02
8.646164824188136422e-02
9.211711574545766723e-02
9.763628827664100340e-02
9.364330812252082137e-02
8.924109978178661196e-02
8.011218058569202771e-02
6.929700160940248377e-02
6.101246594296537429e-02
5.095945257997713806e-02
4.796756883927836418e-02
4.463021407939969654e-02
4.619000622826083258e-02
4.773874026144722671e-02
5.138076855622234623e-02
5.488367721333248933e-02
5.993777058879896924e-02
6.473612567795347661e-02
6.976543137852153631e-02
7.458923177937309967e-02
7.759168544422540004e-02
8.055459239355788892e-02
8.028433629767313395e-02
7.998530961495782521e-02
7.557410042368083170e-02
7.072384510436470484e-02
6.163278136134398011e-02
5.057991651334435568e-02
3.870620944765839483e-02
2.017722108805616518e-02
2.350223861535670478e-02
2.648422762509153316e-02
5.245836485882983402e-02
6.969054526021248308e-02
9.081151196533360226e-02
1.082731745062811973e-01
1.206142881518893345e-01
1.320615000330721822e-01
1.331723211018074893e-01
1.342809978470566046e-01
1.250507251670527065e-01
1.148085497444660819e-01
1.015911424051094553e-01
8.596234841917937963e-02
8.175594725458404377e-02
7.720330968022044715e-02
8.695069551577934430e-02
9.589020027438618921e-02
1.022542768304373489e-01
1.083624140490357379e-01
1.016245290513247967e-01
9.423112504980098170e-02
7.615543048342282573e-02
5.150695589394009566e-02
3.819850957769550803e-02
1.549518318222898629e-02
5.686093490986846716e-02
7.928838253289603732e-02
1.101243033205889232e-01
1.344711478075975575e-01
1.521505735876623189e-01
1.682618688121203798e-01
1.728428642247479829e-01
1.773748385960199070e-01
1.712438443170584967e-01
1.647470066741013595e-01
1.518862231039621591e-01
1.375425161375860295e-01
1.233837513628931459e-01
1.070490170050871492e-01
9.905179466127547738e-02
9.017782880258230771e-02
9.307275274446454028e-02
9.592194347174398672e-02
1.011602016369303192e-01
1.062169711970445407e-01
1.050647017227330504e-01
1.038722271434262545e-01
1.005064299958537549e-01
9.695766612581903365e-02
1.063145405182517739e-01
1.150410700605923320e-01
1.355213969051783651e-01
1.535514512676022236e-01
1.658537025580584523e-01
1.774705231416679463e-01
1.726268326871892855e-01
1.675534372782878090e-01
1.535459859006441663e-01
1.378644977457715859e-01
1.403553893658906759e-01
1.428317434610132386e-01
1.689242528504870944e-01
1.918023853548445901e-01
2.104358793927221249e-01
2.277802280777594945e-01
2.234095230184649228e-01
2.188744244083336288e-01
1.951636425166256017e-01
1.677127805963650464e-01
1.407418145801009046e-01
1.066293369231936378e-01
9.848581591966509841e-02
8.947048606728033593e-02
9.809484895912669311e-02
1.061201843803930150e-01
1.056446606832625174e-01
1.051557040947982274e-01
9.370283614797433880e-02
8.044612439696494088e-02
6.560345760589535169e-02
4.590375819925081313e-02
3.451517346290521732e-02
1.623099838975095716e-02
1.992124421180530014e-02
2.306392462878709138e-02
3.591743898635332138e-02
4.536159114817922555e-02
4.909950718097334799e-02
5.261250501616736991e-02
4.349350421519737608e-02
3.169118517283930903e-02
2.651212896747635536e-02
1.994308703225943641e-02
6.443235823627496694e-02
8.916421857920998895e-02
1.245403471678418750e-01
1.521816223030757198e-01
1.693295174873118147e-01
1.850638100928455043e-01
1.799025597782006880e-01
1.745198257510918449e-01
1.517476377018548428e-01
1.245415945394725971e-01
9.713894172637689561e-02
5.737336913846650954e-02
4.948829020432184145e-02
3.996069268336738950e-02
6.129620511706791036e-02
7.708025690392200646e-02
8.459791408990095796e-02
9.157060044976543522e-02
8.757944230185819856e-02
8.334818528768452028e-02
7.574297260968206047e-02
6.718434349342659873e-02
6.298403164278904010e-02
5.843116220540186395e-02
6.321027882296301192e-02
6.769621211362060464e-02
8.535461870371889581e-02
1.000789885946466451e-01
1.267456206299139021e-01
1.489114120627517690e-01
1.753589749443305035e-01
1.985266999350331907e-01
2.153116815350733515e-01
2.310264076421182367e-01
2.312931315815315303e-01
2.315595482927903515e-01
2.149654435667731622e-01
1.969783222848595083e-01
1.701217076768190561e-01
1.381388120536591879e-01
1.192750795703304417e-01
9.680267463981118148e-02
1.123078679541104075e-01
1.259180550650884634e-01
1.523232155198261106e-01
1.747837732205828609e-01
1.875924955983531983e-01
1.995808643843697272e-01
1.970308553329606915e-01
1.944474080003741889e-01
1.835783180568246187e-01
1.720238449840060246e-01
1.629610917046900864e-01
1.533637231423633784e-01
1.532394149104055470e-01
1.531150057573696932e-01
1.613335002655358619e-01
1.691531602654232913e-01
1.814296311613358692e-01
1.929264898838331521e-01
2.040247539463115600e-01
2.145496910899877541e-01
2.180830947353346039e-01
2.215601554248251837e-01
2.135854676612243264e-01
2.053012457834951787e-01
1.875740323143625654e-01
1.679864092034946688e-01
1.474336317318687417e-01
1.235067522616177804e-01
1.080415479456642708e-01
8.995573528562762766e-02
8.165693836322515664e-02
7.241323673841121300e-02
6.969003533772834269e-02
6.685600343884205710e-02
7.476791875538504883e-02
8.191921724607272026e-02
9.631138238353768866e-02
1.088163893861892884e-01
1.162428510770817658e-01
1.232225395534861101e-01
1.193600902592962254e-01
1.153684013905204031e-01
1.100555078664805231e-01
1.044727791536804451e-01
1.161538312269346923e-01
1.267630207643253293e-01
1.491704919206437996e-01
1.686262372420049560e-01
1.812099422847109342e-01
1.929748130696324615e-01
1.876097703174026410e-01
1.820867193340512391e-01
1.615422503030918833e-01
1.379718228774847733e-01
1.138408689591105805e-01
8.296543245590143334e-02
7.838752385749672702e-02
7.352513046859893153e-02
9.460392033337899909e-02
1.117759306580094758e-01
1.247835524147291736e-01
1.365577212464194057e-01
1.334253104369512999e-01
1.302175706207839845e-01
1.165317512406693207e-01
1.010083283499712409e-01
9.454171601653776902e-02
8.759902818323811458e-02
1.036743907653576435e-01
1.175719731164209247e-01
1.336719874205544167e-01
1.480311844829775014e-01
1.484500184095293718e-01
1.488676739663312432e-01
1.345905388198450348e-01
1.186070905447331736e-01
9.947462683612064149e-02
7.564893152506763085e-02
6.332402194461410339e-02
4.792809895666179376e-02
5.163093143663789047e-02
5.508541996236427513e-02
7.871759159158879526e-02
9.673941781678399576e-02
1.325502780037521311e-01
1.605634997071677117e-01
1.920464927127971955e-01
2.190503898384097425e-01
2.315446499307301509e-01
2.433983905754708854e-01
2.308893922678925126e-01
2.176626894737451468e-01
1.863840716034558254e-01
1.486640437564520079e-01
1.221561522582289422e-01
8.799575650593016718e-02
1.151890917911067708e-01
1.370904831571801430e-01
1.815377486670634311e-01
2.170670583251698427e-01
2.427311667448766030e-01
2.659299359017624487e-01
2.667666053098362577e-01
2.676006588339280845e-01
2.450186218536194172e-01
2.201320910311386492e-01
1.821037476641262087e-01
1.336615588899739970e-01
9.983166728012746183e-02
4.546769467393477898e-02
7.519911982491862823e-02
9.613794248850336677e-02
1.333147036176930977e-01
1.621823554380189825e-01
1.734307753353416803e-01
1.839928021728338692e-01
1.734004153029769513e-01
1.621174167172614311e-01
1.409384499164355598e-01
1.159535964367515021e-01
9.764596238789506610e-02
7.499487592295493721e-02
6.949999145202725992e-02
6.353161582207962621e-02
6.790126770625638797e-02
7.200623655815567570e-02
7.912368521297116764e-02
8.565171930611567563e-02
9.285647507003151613e-02
9.954111163117046468e-02
1.026617727000880553e-01
1.056903318335218195e-01
1.028887324159995648e-01
1.000086809895139317e-01
9.546756045471806174e-02
9.069936011399493125e-02
9.068616632597184535e-02
9.067297061812593095e-02
9.270406315697256316e-02
9.469159968502162406e-02
8.981799668351833632e-02
8.466431364850618424e-02
7.009130689018240601e-02
5.155130063902203796e-02
3.771138320880007555e-02
1.366602537196177393e-02
4.536059468584686949e-02
6.267700416452796908e-02
8.675336470220823548e-02
1.054698332380801934e-01
1.132130017833122282e-01
1.204594613233351263e-01
1.136401569501080955e-01
1.063846263375602813e-01
9.357049388483144881e-02
7.869679746165172962e-02
7.257020787000126316e-02
6.587627956912980864e-02
7.068033068844113698e-02
7.517801595270148796e-02
8.286867392086093298e-02
8.990383836199272727e-02
9.859975788525056350e-02
1.065885751750193233e-01
1.119397562039909089e-01
1.170465449305407302e-01
1.104988031732567072e-01
1.035378062606464727e-01
8.363241007559343854e-02
5.717239460471534862e-02
4.558905586008488858e-02
2.980002220788762618e-02
7.318616942686576032e-02
9.911805822939231958e-02
1.252363980519412279e-01
1.467784770560157381e-01
1.485554660811083116e-01
1.503114489261124231e-01
1.328623381910518375e-01
1.127442687719405340e-01
9.062362442927815454e-02
6.094269823759167204e-02
5.431332430852515991e-02
4.675320231179785901e-02
5.570953097045649310e-02
6.341326166890173810e-02
7.097044879633424008e-02
7.779696298196735194e-02
9.296893331992417409e-02
1.059909320464322430e-01
1.234580473765351377e-01
1.387432926233991837e-01
1.443671671675932078e-01
1.497800275871567222e-01
1.392862625383981257e-01
1.279346286187665327e-01
1.074784452006136010e-01
8.207291371494550292e-02
6.322541049693038151e-02
3.548157126382398691e-02
2.924289710028485367e-02
2.124505030085540452e-02
2.300403971553888899e-02
2.463776621738067441e-02
2.140776174357421346e-02
1.759445939939545400e-02
1.401087231414193703e-02
9.112852706447252538e-03
1.602994849121894966e-02
2.075751461068647483e-02
4.389257976683612339e-02
5.849993764409738145e-02
8.565284030691326655e-02
1.060687296092485965e-01
1.269393432896634144e-01
1.448330706320284655e-01
1.543156337958976609e-01
1.632483118410632539e-01
1.675251587891309346e-01
1.716955047043749460e-01
1.839567016950235390e-01
1.954502234875512279e-01
2.145935933316394373e-01
2.321638015209011308e-01
2.410765181522120104e-01
2.496712728211862853e-01
2.373084135353822621e-01
2.242650703903948939e-01
1.939668484829704942e-01
1.579602950858933486e-01
1.267122986083702441e-01
8.462008280314478603e-02
8.374203176454472763e-02
8.285467611726542170e-02
1.019542220394428350e-01
1.180018195996954539e-01
1.194999667072773608e-01
1.209795629734284061e-01
1.078116709268675533e-01
9.279363188734790491e-02
8.267351847734975834e-02
7.112779482034256584e-02
8.139381000441246738e-02
9.050271497620411554e-02
1.021394154040408814e-01
1.125796559778648731e-01
1.110597817672789867e-01
1.095188171607822669e-01
9.585737603825543462e-02
7.989306459000151961e-02
6.213407971287859127e-02
3.658395760371677824e-02
3.181272219522286032e-02
2.618611527108026873e-02
4.128735241627001784e-02
5.218791341010151075e-02
5.385850805189405788e-02
5.547882004018850344e-02
4.505652361751200097e-02
3.134136512564843213e-02
3.572360362005631840e-02
3.962411567803867524e-02
7.774243017292437052e-02
1.025558401804473191e-01
1.358317739575217731e-01
1.624279571926493804e-01
1.823626218998601334e-01
2.003232648860475140e-01
2.038434049268561254e-01
2.073037795355957558e-01
1.962898133366481057e-01
1.846199464568479554e-01
1.644338575995986373e-01
1.413947043578392404e-01
1.187064998929149851e-01
9.049863984178156684e-02
7.158908258291503401e-02
4.538710914912255645e-02
3.440929518837877038e-02
1.755019982244101703e-02
1.474626567965464478e-02
1.126477648168450196e-02
2.120910432436641860e-02
2.779850757327458413e-02
4.887885416557851553e-02
6.328923878336964459e-02
8.551777204477074845e-02
1.030584830337821639e-01
1.202520100638678202e-01
1.352776438424944383e-01
1.477197205545943970e-01
1.591923074708013197e-01
1.737513766095138135e-01
1.871814386885731207e-01
2.079073176445732640e-01
2.267465864589782443e-01
2.465771484881173758e-01
2.649274727963547016e-01
2.736377521305224936e-01
2.820791962194789115e-01
2.762054192735594049e-01
2.702039865219204584e-01
2.546847460477724701e-01
2.381563465593527495e-01
2.213904206725547941e-01
2.032461348332189610e-01
1.886534793652800412e-01
1.728330964503305422e-01
1.559973771952261890e-01
1.371097522241583322e-01
1.146182412639023956e-01
8.646154235202022087e-02
6.386959961589144807e-02
2.613528657387127058e-02
2.953517933617928748e-02
3.258221036919024122e-02
5.252485857479741171e-02
6.675418416895505247e-02
6.863477914566917804e-02
7.046520214039551921e-02
5.941849844275871179e-02
4.577959372577959651e-02
3.665492576869087971e-02
2.431863410060356931e-02
4.727078722652337806e-02
6.227084940412690867e-02
8.299688486566075829e-02
9.949526174293951697e-02
1.115588865587928552e-01
1.224396309663631083e-01
1.341204504538277276e-01
1.448624424365961560e-01
1.659445746824235735e-01
1.846349818002123999e-01
2.098589434121160002e-01
2.323606587951898561e-01
2.466192960462934569e-01
2.600974406044858078e-01
2.537036349469227181e-01
2.471444722456053733e-01
2.211595198089660874e-01
1.916837923318143455e-01
1.569479078994064081e-01
1.119044920693310352e-01
8.549935057730549681e-02
4.580024621098673088e-02
4.844432303588287053e-02
5.095137207007224833e-02
5.750806264371209620e-02
6.339015871760608767e-02
5.891752782752145839e-02
5.407622350322034005e-02
4.870687686767777996e-02
4.266710395651442111e-02
4.401755793606523109e-02
4.532779559248067969e-02
6.020048054394644410e-02
7.206654329278210092e-02
1.046696701562859350e-01
1.292976915458313447e-01
1.667971012860562097e-01
1.972933170580819240e-01
2.238822749970465764e-01
2.476325769359223883e-01
2.533858799968284892e-01
2.590114190602584299e-01
2.432659624838889034e-01
2.264282266035241298e-01
1.977963974297841654e-01
1.642470330617432639e-01
1.379026651407072313e-01
1.051532321720767688e-01
9.803051336085234768e-02
9.034799866820414360e-02
9.901449286919955517e-02
1.069812073821366366e-01
1.135595589721754978e-01
1.197771603227020948e-01
1.251858652042747433e-01
1.303703707094346353e-01
1.400068181640647946e-01
1.490214236475265741e-01
1.609025662947876079e-01
1.719647841116356268e-01
1.798865187358862083e-01
1.874738175620030978e-01
1.882250210415704061e-01
1.889732383723367881e-01
1.838308814716357042e-01
1.785404748071123815e-01
1.714553011514506065e-01
1.640644368579617096e-01
1.589123736343840965e-01
1.535875826579352343e-01
1.515169885661206139e-01
1.494177034410038296e-01
1.479816392495077737e-01
1.465315017610859805e-01
1.413598457858518120e-01
1.359916578060598458e-01
1.234585107802605164e-01
1.095001222616619752e-01
8.965074728054377162e-02
6.390802923421227966e-02
4.556769973418697134e-02
8.282168648917665604e-03
3.931842344202979983e-02
5.498438438688208613e-02
7.689523807258939747e-02
9.382149407292553200e-02
9.634396198260991584e-02
9.880205094499389107e-02
8.698716574692702541e-02
7.329180539753092638e-02
7.724543989320560577e-02
8.100634067874031008e-02
1.272593591420169423e-01
1.607104904737508277e-01
2.104563480526560060e-01
2.505112514898439335e-01
2.863381118931582758e-01
3.181558447083281949e-01
3.337587914630215091e-01
3.486641940831370912e-01
3.439454711041735058e-01
3.391611032393016534e-01
3.184413326120620891e-01
2.962760717320784276e-01
2.660891748607032703e-01
2.320073000470204150e-01
1.989097455867402942e-01
1.590684962638904687e-01
1.286290946186807449e-01
8.825022074299711250e-02
6.782191025154567232e-02
3.757022170748682693e-02
5.039059750351044392e-02
6.055495912286518179e-02
8.469857622126406027e-02
1.033479296040645395e-01
1.189627080805045478e-01
1.327533701050485904e-01
1.386140432960898672e-01
1.442367800650463106e-01
1.436839815708078061e-01
1.431290480529648912e-01
1.427831543702999528e-01
1.424364207192734821e-01
1.465715158096733139e-01
1.505931092253983139e-01
1.562300347813131429e-01
1.616705384087276931e-01
1.647245498672706976e-01
1.677229610655082970e-01
1.697003465207327366e-01
1.716549549239156924e-01
1.765312741631105686e-01
1.812764683166877278e-01
1.872366167660650393e-01
1.930128061829927688e-01
1.926099636213146615e-01
1.922062767491602708e-01
1.807463508834192822e-01
1.685088540509650790e-01
1.486510624241829115e-01
1.256942434087862381e-01
1.068887649271056117e-01
8.397245565765526498e-02
7.741051948326529986e-02
7.023819291639779583e-02
7.101409517726202381e-02
7.178161104021939243e-02
6.491607026675098868e-02
5.723279369580135112e-02
4.346726010932216999e-02
2.243240354034272896e-02
2.624494437956716858e-02
2.956994221124497821e-02
5.420606903638408580e-02
7.072633426368220289e-02
8.454739285324350262e-02
9.640699620973196271e-02
9.984074249325901318e-02
1.031602578759244770e-01
1.001279533953532835e-01
9.700090358989879591e-02
9.268655106135476052e-02
8.816131917139971574e-02
8.666227409042760732e-02
8.513683869516996960e-02
8.797492933699531392e-02
9.072428054656178631e-02
9.562552459201167920e-02
1.002875207904932453e-01
1.026803337194882176e-01
1.050186413889806908e-01
1.032626814574365004e-01
1.014763407123683708e-01
1.014459128078443462e-01
1.014154757739707396e-01
1.119854941310238911e-01
1.216404663961723198e-01
1.382860687095625596e-01
1.531328525601655111e-01
1.642022239889532331e-01
1.745711035441528669e-01
1.756122979449168675e-01
1.766473554468482865e-01
1.716294001918497458e-01
1.664602470082964802e-01
1.629562700842131229e-01
1.593752743855048060e-01
1.599591604268472689e-01
1.605409228934129573e-01
1.604569253838158960e-01
1.603728838793707923e-01
1.558383750585501382e-01
1.511679079632728406e-01
1.428092946066654989e-01
1.339300296950397540e-01
1.236834454294287178e-01
1.125074952724249011e-01
1.035376209576746309e-01
9.371308027525027118e-02
9.485346169416639106e-02
9.598029472791737293e-02
1.106140202379553156e-01
1.235261347664845105e-01
1.369394574344734161e-01
1.491513460701854588e-01
1.509618791111749514e-01
1.527509536958960301e-01
1.485418334478981195e-01
1.442099119794490181e-01
1.574073441945473273e-01
1.695807928382249419e-01
2.091365720577124665e-01
2.423191413084417045e-01
2.843672610577705484e-01
3.209531306570102549e-01
3.465415089516956648e-01
3.703662009072917205e-01
3.724142880416703716e-01
3.744511731863955917e-01
3.547277151008478291e-01
3.338410139881984318e-01
2.998474901217355049e-01
2.614712451569771723e-01
2.230725434690847830e-01
1.765092271117670863e-01
1.429449983462531548e-01
9.854459827320451171e-02
7.595486036500369298e-02
4.274627208666456624e-02
3.231199289959230808e-02
1.615196560730146683e-02
2.173609488106530846e-02
2.615396047213304140e-02
4.731837710477285186e-02
6.159568146616355849e-02
8.701939079618592476e-02
1.065397614686534322e-01
1.291342987880745308e-01
1.483260377451573742e-01
1.643322342193246077e-01
1.789121374693513344e-01
1.883989433159366511e-01
1.974304200250583119e-01
2.025962727741457692e-01
2.076336406574840199e-01
2.098812259777411426e-01
2.121049959410623575e-01
2.106523332148141914e-01
2.091895830927825162e-01
2.025691120438867510e-01
1.957248288643148315e-01
1.837668772826573371e-01
1.709746230832902003e-01
1.550343167830504354e-01
1.372550801329455727e-01
1.194612140210546403e-01
9.850383895294197167e-02
8.136105147873673449e-02
5.946625183231385448e-02
4.606457804185040694e-02
2.660179680704449073e-02
2.474395032867293676e-02
2.273478749345118552e-02
3.696160462374901978e-02
4.706856562879630640e-02
6.355321943368125170e-02
7.656744432471920825e-02
9.330559893349285594e-02
1.074676511991244504e-01
1.212073988965182009e-01
1.335408965083831057e-01
1.412542072140800797e-01
1.485675976486590666e-01
1.501311572541342565e-01
1.516785999600382961e-01
1.502412635355397930e-01
1.487900428512395901e-01
1.474632620950536155e-01
1.461244349304908763e-01
1.435297845401779515e-01
1.408873579017810573e-01
1.322479875849619790e-01
1.230033041182225784e-01
1.064905160322048433e-01
8.689446003981265987e-02
7.221500630242971841e-02
5.365973429778915504e-02
7.640533407794719567e-02
9.378796866451533099e-02
1.353744015440511983e-01
1.669019895645462437e-01
2.022716002657682088e-01
2.323172968755136680e-01
2.552899449057768888e-01
2.763595222033133347e-01
2.863817708557444552e-01
2.960649453152139343e-01
2.961604792904617978e-01
2.962559824587707169e-01
2.900053513202667244e-01
2.836169960460253603e-01
2.722614763675932359e-01
2.604112566337175028e-01
2.431750788393127749e-01
2.246201579454971675e-01
2.021238265772409282e-01
1.767876330091928405e-01
1.534537111984652646e-01
1.258658642212849010e-01
1.081736657706765109e-01
8.695325270719399258e-02
7.713507351133877532e-02
6.586934776387370905e-02
5.888649259678273989e-02
5.095553989375210813e-02
5.133513391518516877e-02
5.171194158331541418e-02
7.462150700723770014e-02
9.199246552705403479e-02
1.251047753036594046e-01
1.511284086259495618e-01
1.844511339406328110e-01
2.126138418122360541e-01
2.416663918142530065e-01
2.675829668250233606e-01
2.882517290575086211e-01
3.075345094040751182e-01
3.156334438607700799e-01
3.235297007886827614e-01
3.172109375064477432e-01
3.107637212658909687e-01
2.933845509686480724e-01
2.749088922518260758e-01
2.554356293496427566e-01
2.343497865229879074e-01
2.222472164678676587e-01
2.094464800660551795e-01
2.042955199727701510e-01
1.990112834736477987e-01
1.902846384145669978e-01
1.811380586273807214e-01
1.624832562188793239e-01
1.413881919386606456e-01
1.175572083007422469e-01
8.745726743527182379e-02
7.679863831123975859e-02
6.439944150127847877e-02
8.332682903729698998e-02
9.868856473343429192e-02
1.146944157593980801e-01
1.287252314180637736e-01
1.305309171747677244e-01
1.323119626992891040e-01
1.224186928041054723e-01
1.116522154835890984e-01
9.714873641979242247e-02
8.005958252158695831e-02
7.079650865345991917e-02
6.012282862198069233e-02
6.576437303158133574e-02
7.095879789684930716e-02
8.292175284179773009e-02
9.336425006257198511e-02
9.807646611087704469e-02
1.025724291408249556e-01
9.351590370893721194e-02
8.348260461406840915e-02
6.426388852682979325e-02
3.592143460426847068e-02
5.733976562173313807e-02
7.270039875462748491e-02
1.305063458050174374e-01
1.696421663728559515e-01
2.161399643842795704e-01
2.542724990957526687e-01
2.776193832192992428e-01
2.991496951055252485e-01
2.954120884421474469e-01
2.916265830026020800e-01
2.682252864226081224e-01
2.425768839753836559e-01
2.199644699219896471e-01
1.947439124001492938e-01
1.984868599502697395e-01
2.021605197087674721e-01
2.239422340802285361e-01
2.437855054771894681e-01
2.543569319726269873e-01
2.645061908619275037e-01
2.543621528382602470e-01
2.437963998682968481e-01
2.183831119969066314e-01
1.895934667180397548e-01
1.603235836053049368e-01
1.243447638540922384e-01
1.015234382770503346e-01
7.178019741724131486e-02
6.261740917017573349e-02
5.186022677459364849e-02
6.262567710462750570e-02
7.179462197486559394e-02
9.159718671929469036e-02
1.078221752946248724e-01
1.235473362894221189e-01
1.374855160486307681e-01
1.429436297448275772e-01
1.482008618264225863e-01
1.445495120183752646e-01
1.408035063604824444e-01
1.341914725560990895e-01
1.272362967479884477e-01
1.213409517716070724e-01
1.151441615694723947e-01
1.070892774654263885e-01
9.837707432424180887e-02
8.721647771941412608e-02
7.440012915959703932e-02
6.696542316645003046e-02
5.859485114546093137e-02
5.612260606574438065e-02
5.353631704238469985e-02
4.306306355181969275e-02
2.902959941978864450e-02
3.499953900266444123e-02
4.009012120616082392e-02
9.635955795904276033e-02
1.302425084286984169e-01
1.808636675851380549e-01
2.201368245044319216e-01
2.492311775092162507e-01
2.752673939687841909e-01
2.740758205597786934e-01
2.728790439895782960e-01
2.445148863628172076e-01
2.123960608330027755e-01
1.730981784194896844e-01
1.217122511784017452e-01
1.046145742412983859e-01
8.411032160479420261e-02
1.139684765499367758e-01
1.374884762217003509e-01
1.572215729701456344e-01
1.747402784725049785e-01
1.737517035904798668e-01
1.727574718515507701e-01
1.588225206224518626e-01
1.435410813432828059e-01
1.274935505822718806e-01
1.091108099454389385e-01
9.941166627884666374e-02
8.865771222924635764e-02
8.684538540779414284e-02
8.499442332019643831e-02
8.525526533823091224e-02
8.551531172983914408e-02
8.300325210084892602e-02
8.041275507270349843e-02
7.939404332149757604e-02
7.836208937674560282e-02
9.576129084748939702e-02
1.104528523763231990e-01
1.466506847128999091e-01
1.755363610636238303e-01
2.125658523075530104e-01
2.440398923926454522e-01
2.678716084434513700e-01
2.897497681468434449e-01
2.924907983146748935e-01
2.952063787528347860e-01
2.764930404954850651e-01
2.564176219149412184e-01
2.236629247224169725e-01
1.852031613182058833e-01
1.516694523751599688e-01
1.081990508521421812e-01
9.046479085237645046e-02
6.826948192731489840e-02
7.174136338710700167e-02
7.505280993179336280e-02
7.407058841108855873e-02
7.307516579845627080e-02
6.305180503232041267e-02
5.109873167893325130e-02
4.443460800435512781e-02
3.657578977692464012e-02
4.450476520288737525e-02
5.122069751304139662e-02
5.799854363586128686e-02
6.406326774399918877e-02
6.884276824870999567e-02
7.331133068122458463e-02
8.560537301652319797e-02
9.634318124467498856e-02
1.138668659294705121e-01
1.290322352780720050e-01
1.400857699091578035e-01
1.503287335183372819e-01
1.477592703631102067e-01
1.451443276027352403e-01
1.299472123809023716e-01
1.127194755837897105e-01
9.645010210093510339e-02
7.680862070547189724e-02
8.291256981661927761e-02
8.859697654273808454e-02
1.082127780760554769e-01
1.247821558771957801e-01
1.313444766392184437e-01
1.375941737934408826e-01
1.263503840740203554e-01
1.140029931598521562e-01
9.266232702193516468e-02
6.462144573463840524e-02
5.483804868760078222e-02
4.287763891461995880e-02
6.646824348991300924e-02
8.365143672631210336e-02
9.939222288779873959e-02
1.129604580142074821e-01
1.151477644224396246e-01
1.172942889837001873e-01
1.113999164147795456e-01
1.051757221332374065e-01
9.870388201261486028e-02
9.177679511985820104e-02
9.085907500259900182e-02
8.993199040487979967e-02
9.556940079413209221e-02
1.008923081216576839e-01
1.064881045284213207e-01
1.118041813797518713e-01
1.091709433530471396e-01
1.064726010351583346e-01
9.342495747968716790e-02
7.823062436776737072e-02
6.842898679502787407e-02
5.696509351012672001e-02
8.388284740665037653e-02
1.040559575395724329e-01
1.387069048293483320e-01
1.662876080626529696e-01
1.857495770241136823e-01
2.033574245855700457e-01
2.021213674572473751e-01
2.008777046650510045e-01
1.820051571942746527e-01
1.609344657279036805e-01
1.337223112042663364e-01
9.931470570109696139e-02
7.528898173524706250e-02
3.838555422245757548e-02
2.723432071738213570e-02
3.156846038252265983e-03
2.107391860451125754e-02
2.963535749387717980e-02
5.837437255780458800e-02
7.705115397737295757e-02
1.199059387656556536e-01
1.510562410935128719e-01
1.934136989562412756e-01
2.280344928175769836e-01
2.559076753115552827e-01
2.810297967336545799e-01
2.870307383351642372e-01
2.929087619828055211e-01
2.804468849232775729e-01
2.674048759466446379e-01
2.505417043672608091e-01
2.324584340790056547e-01
2.272975231929954543e-01
2.220166762314876585e-01
2.278246445072553139e-01
2.334881854930507816e-01
2.353149907735579693e-01
2.371277229694622735e-01
2.290712156660622556e-01
2.207208342970213844e-01
2.083123212803206781e-01
1.951162722625099655e-01
1.866715586590305953e-01
1.778262689333774682e-01
1.766765039327699849e-01
1.755192073849647927e-01
1.797229162209246778e-01
1.838305226801597581e-01
1.883012269039191500e-01
1.926682201043590503e-01
1.891318632002242650e-01
1.855281119318442917e-01
1.679803884302424055e-01
1.483716329941653089e-01
1.226736840301260456e-01
8.990842023799061611e-02
9.322213475639010150e-02
9.642203476066034395e-02
1.468382538098744194e-01
1.839177445938271205e-01
2.279751242497410069e-01
2.648010154377990477e-01
2.884485816483924880e-01
3.102991955082211040e-01
3.121400627330249145e-01
3.139701367851793767e-01
2.988636671246007182e-01
2.829518267504630979e-01
2.595451066697805342e-01
2.338067332884821437e-01
2.115029944075678126e-01
1.865514533733358127e-01
1.713869333143439588e-01
1.547433910255519851e-01
1.440667168392776309e-01
1.325327157180834214e-01
1.182436988678273737e-01
1.019716818939482295e-01
8.205387814566703075e-02
5.538460010876110340e-02
4.294263261221769462e-02
2.491355980442024054e-02
5.396488615446196069e-02
7.213690049620691269e-02
9.647410233492138831e-02
1.158048894885622265e-01
1.314930446831898136e-01
1.454993785919808935e-01
1.570571030979603377e-01
1.678207320219826382e-01
1.788213763609422524e-01
1.891834326542612410e-01
1.984878776931140454e-01
2.073752733364896406e-01
2.121027027229871464e-01
2.167270380303480681e-01
2.167242647215735785e-01
2.167214913773101159e-01
2.153180989748297025e-01
2.139054993857419373e-01
2.173904361169304855e-01
2.208203812213782591e-01
2.355315019548958611e-01
2.493762941089296414e-01
2.730381703327623977e-01
2.948069688013188472e-01
3.148556393014257382e-01
3.337019603568388004e-01
3.371132105175859150e-01
3.404902863004334868e-01
3.224293170965335520e-01
3.032947312132586726e-01
2.716168552436866723e-01
2.357196176036624458e-01
2.125943093198239542e-01
1.866251392152973865e-01
1.931425917173017204e-01
1.994471831925020699e-01
2.139059750976690100e-01
2.274474741155542157e-01
2.227146382513434109e-01
2.178790184972105581e-01
1.929298963007761714e-01
1.642334407845998934e-01
1.335293281022730816e-01
9.320697320984258627e-02
7.655073521610186726e-02
5.506805125761363162e-02
5.523687148313208978e-02
5.540517731382996885e-02
4.509904456840103937e-02
3.159294175584646813e-02
3.542940992184774596e-02
3.888922994907895864e-02
7.953748839852495256e-02
1.055464443525154505e-01
1.317889043331514076e-01
1.536117791551364908e-01
1.572020546727090073e-01
1.607121441940103368e-01
1.446999346461796121e-01
1.266797098267158639e-01
1.041480072504339938e-01
7.513897754622411718e-02
6.737779184310424552e-02
5.859750609551058614e-02
6.909703298796206206e-02
7.819931083370003366e-02
7.882208658963475723e-02
7.943998019777021025e-02
6.885864581845216326e-02
5.632331448059459122e-02
4.382912712318817045e-02
2.587796388206039036e-02
2.178268697330856471e-02
1.671232745230511255e-02
1.895566555553925697e-02
2.096026298579871383e-02
2.725137349335548728e-02
3.234102796935917068e-02
4.490207231810620231e-02
5.464842272935246242e-02
6.055504682197556526e-02
6.593464403799643991e-02
5.872303515483224406e-02
5.049170655834508969e-02
4.173735729774512987e-02
3.057125377254340734e-02
6.578301000887998295e-02
8.786470994905497267e-02
1.284007834499957257e-01
1.589129168026118533e-01
1.849421544530165662e-01
2.077351339103066796e-01
2.123286660709582940e-01
2.168249040359801205e-01
2.000910953344801346e-01
1.818236889244414234e-01
1.511609081157435364e-01
1.124250258201459768e-01
8.486506967173571003e-02
4.200920934886327035e-02
6.907507710940291590e-02
8.819273714554558274e-02
1.302633134018248706e-01
1.617377592018041932e-01
1.901153183799461077e-01
2.147756173633211807e-01
2.283416348592442191e-01
2.411456792202362753e-01
2.404882502848176007e-01
2.398290191855795284e-01
2.267221614868734636e-01
2.128095829022809693e-01
1.913260447986394608e-01
1.671029391169981670e-01
1.449103614132475903e-01
1.186365602514539985e-01
1.105554380187075275e-01
1.018350446689138822e-01
1.183566784443137315e-01
1.328391145033030740e-01
1.547919911351254008e-01
1.739968123188807558e-01
1.867889113901380349e-01
1.987594127066536209e-01
1.980506118688404038e-01
1.973392651849861512e-01
1.835672430882434314e-01
1.686744790603671440e-01
1.450383000258926858e-01
1.167096271201115976e-01
9.103036305313594312e-02
5.433154638564948596e-02
5.610962485406120054e-02
5.783306208278256311e-02
9.904609743006953515e-02
1.275758431772358314e-01
1.617968829837547196e-01
1.899496431271587571e-01
2.096956750108448786e-01
2.277359991577369569e-01
2.298519217526408254e-01
2.319485429020659017e-01
2.162923733416219907e-01
1.994107694612095860e-01
1.704387765136883559e-01
1.354034641427401819e-01
1.028834161293531863e-01
5.325313631174198592e-02
4.732903073105508562e-02
4.054846202811323436e-02
8.510923746948577395e-02
1.133269025096393517e-01
1.399013684380519540e-01
1.621782937055690210e-01
1.695162600995551161e-01
1.765494999342400728e-01
1.651661975324813514e-01
1.529379602572463193e-01
1.288457954670822470e-01
9.905785345667113273e-02
7.832939898588534011e-02
4.958357751853630091e-02
6.707587984497395683e-02
8.086912979881796804e-02
1.017147101975709872e-01
1.189619619320967658e-01
1.187154029602027205e-01
1.184683308453064188e-01
1.010597335096793670e-01
7.994619478638020915e-02
6.725498455363514150e-02
5.152738916146982345e-02
7.791601068520316586e-02
9.739988505329885693e-02
1.211446330869619253e-01
1.409443388120056040e-01
1.465022336571981387e-01
1.518568480179380287e-01
1.425472403747090611e-01
1.325855542166907430e-01
1.171980128515001662e-01
9.945762537751316745e-02
8.610778406027755350e-02
7.026579328385204604e-02
6.499362749791116889e-02
5.925421103065538209e-02
6.218275426538971001e-02
6.497944545157524621e-02
6.594681251179609904e-02
6.690019304708864911e-02
6.120592005725643270e-02
5.492443418345612643e-02
5.704282916143341153e-02
5.908532175683020582e-02
8.378330023484557854e-02
1.027044670371079632e-01
1.254579621442234727e-01
1.446761659064353667e-01
1.510626006291271028e-01
1.571897758643477916e-01
1.481410308241150608e-01
1.385023624021587962e-01
1.252927297765910331e-01
1.105153015593804272e-01
1.036471786272800816e-01
9.629041175542772668e-02
8.973455323320263244e-02
8.266036953640566731e-02
6.896068089756625386e-02
5.175339919093987356e-02
4.796952980212925571e-02
4.386042921652678894e-02
6.566698762438641368e-02
8.185700505310880559e-02
9.387773235230865987e-02
1.045250591339642182e-01
1.092627288616129927e-01
1.138033384818477184e-01
1.288569412903484701e-01
1.423271681296112146e-01
1.642952468191914706e-01
1.836541136674141317e-01
1.915276876580563059e-01
1.990901223373989226e-01
1.881330723729071341e-01
1.764971077060996651e-01
1.655026174212265999e-01
1.537237903446803389e-01
1.681578593024725676e-01
1.814473134891919082e-01
2.038367203634416369e-01
2.239993070627735727e-01
2.273998928149134902e-01
2.307503693168562742e-01
2.139574179977073720e-01
1.957289464862716488e-01
1.718197059823407258e-01
1.439937576254271268e-01
1.283949583987575582e-01
1.106179390937433588e-01
1.099595749759222363e-01
1.092972452005256112e-01
1.159241039787935607e-01
1.221920944993924868e-01
1.243582156288401408e-01
1.264872469090450591e-01
1.141601328864299270e-01
1.003296977502920045e-01
7.684927334061364412e-02
4.178005954155347007e-02
7.377971187221009364e-02
9.561024209046289912e-02
1.577763672012620355e-01
2.016071568716200912e-01
2.390310869776214320e-01
2.713416211743941431e-01
2.722512192901264672e-01
2.731577885186008414e-01
2.410578835627437133e-01
2.039672253748772424e-01
1.595565517883253126e-01
9.650884627864494969e-02
9.102706203798198448e-02
8.519327811804237871e-02
1.342895890007332338e-01
1.697335935855762701e-01
1.932487982635376356e-01
2.141978134088426133e-01
2.118559401446304391e-01
2.094878886236651305e-01
1.956154344426309366e-01
1.806809920947894388e-01
1.763377014249809249e-01
1.718846967688923422e-01
1.877482543423645844e-01
2.023720954921314763e-01
2.234078185547637985e-01
2.426265479062836294e-01
2.535204139018012448e-01
2.639650711381357762e-01
2.587791763312413118e-01
2.534872095873681452e-01
2.329108197357123988e-01
2.103310116828536469e-01
1.825788643268842770e-01
1.497696528748628519e-01
1.409502623302636148e-01
1.315408833012890744e-01
1.655132800937060555e-01
1.936137593123790357e-01
2.308007253831710348e-01
2.627768290388709516e-01
2.794135610294936622e-01
2.951139005445882479e-01
2.935152221116163473e-01
2.919077883987027389e-01
2.908343543494938399e-01
2.897569436820316424e-01
3.033990550788857044e-01
3.164536092914241872e-01
3.317958247407040706e-01
3.464593075631807184e-01
3.442369089249859848e-01
3.420000689112497883e-01
3.189698436402892412e-01
2.941419303134484298e-01
2.596775914954898568e-01
2.198759374767404740e-01
1.859547695440757764e-01
1.442668525722564654e-01
1.199139988474084567e-01
8.913927017901467076e-02
9.572712198196267619e-02
1.018899125421734303e-01
1.396982572048869609e-01
1.692620803792560802e-01
2.009738592628887432e-01
2.283228686744389058e-01
2.380605705560879248e-01
2.474153151024712782e-01
2.335645487877867632e-01
2.188388876631155722e-01
1.899864170953115827e-01
1.558820663443928334e-01
1.241512290206623764e-01
8.079502909761362983e-02
6.301271038293022875e-02
3.759476842223999360e-02
6.830668373484058420e-02
8.898449006979371190e-02
1.206210262676173373e-01
1.455356467767441875e-01
1.647336433683271595e-01
1.819167997521975444e-01
1.871354499203917443e-01
1.922124637002859959e-01
1.909797125012223096e-01
1.897389521747321617e-01
1.948933531009266473e-01
1.999149023796866764e-01
2.128872554748259538e-01
2.251133023473468331e-01
2.337499512363115373e-01
2.420786659584608091e-01
2.379782747681322141e-01
2.338059836937566582e-01
2.158663663508987862e-01
1.962940096693623071e-01
1.672574982963427326e-01
1.319803138374298634e-01
1.010023226979156058e-01
5.462723807883090865e-02
6.421438857828511149e-02
7.254543583744406388e-02
1.208787096153727397e-01
1.547917459547197561e-01
1.837521518384052088e-01
2.087324172110746612e-01
2.125357419940178128e-01
2.162721925147041702e-01
2.001359519369481088e-01
1.825791260256756643e-01
1.661315986981562742e-01
1.478657462420249757e-01
1.582153381634054390e-01
1.679282809672348054e-01
1.932931100600918939e-01
2.156954919436079587e-01
2.277595827632729886e-01
2.392160317290739913e-01
2.323071625824444930e-01
2.251864244087712907e-01
2.074441760521742451e-01
1.880352270664293890e-01
1.696395750843882888e-01
1.489896783394741298e-01
1.335186209520088929e-01
1.160022414876216990e-01
1.077859686307321430e-01
9.888938283343590152e-02
1.180625946995244036e-01
1.345304519326032955e-01
1.692485786864953434e-01
1.979689881713980193e-01
2.145435309486228570e-01
2.299263644434849652e-01
2.147385178566892094e-01
1.983913532298647864e-01
1.652865154681896209e-01
1.236128446192190505e-01
1.347614139500875885e-01
1.450556514748685411e-01
2.077241400429974960e-01
2.554554651762360185e-01
2.907770632655456988e-01
3.222500680438457055e-01
3.148714960684794728e-01
3.073158175534441705e-01
2.684354732260053056e-01
2.228725978077991943e-01
1.834619859206579051e-01
1.328322464701487404e-01
1.392345373611204862e-01
1.453551068453536321e-01
1.773287605167387371e-01
2.043596621811202274e-01
2.212137554587605415e-01
2.368716523384658545e-01
2.403702162549625487e-01
2.438185842862677921e-01
2.398651938096819092e-01
2.358455434375486270e-01
2.242267461163208464e-01
2.119720429407458417e-01
1.928879226245719947e-01
1.716955281897940000e-01
1.516328882456934035e-01
1.284745546600164212e-01
1.145323643416897019e-01
9.863880457662470291e-02
9.419166732617993698e-02
8.952388853856803330e-02
9.682864581046639330e-02
1.036197214815381962e-01
1.135662175374499983e-01
1.227091066368559275e-01
1.201101997369239255e-01
1.174538007476652046e-01
1.018938415363845884e-01
8.348242076037010184e-02
8.744686013111731271e-02
9.123920274515179285e-02
1.354578243568122509e-01
1.684430237243177975e-01
2.043314691838561681e-01
2.347970322561067635e-01
2.458411765966611040e-01
2.564100658410005118e-01
2.444972004814041922e-01
2.319733610178153771e-01
2.077083762262699751e-01
1.802051577708189134e-01
1.568370509203103891e-01
1.293128848783226814e-01
1.149518113498217559e-01
9.851911322000259097e-02
9.349317156625126801e-02
8.818123717309314658e-02
8.563003304643744540e-02
8.300044897282564393e-02
7.239222633430254794e-02
5.993491751544453849e-02
4.254932754385302301e-02
5.356884475610650814e-03
5.304097077542607036e-02
7.481973636891650625e-02
1.225441422043518774e-01
1.563206340407006512e-01
1.873023735341071416e-01
2.138415713469523916e-01
2.219778988637075845e-01
2.298263638744673376e-01
2.197892572783909093e-01
2.092713016593875652e-01
1.940109472808093649e-01
1.774429982596653355e-01
1.716214162901172624e-01
1.655953001370264466e-01
1.754884553712487971e-01
1.848528942421559518e-01
2.024323444039523301e-01
2.186026431954999072e-01
2.322418505308393999e-01
2.451233131791394071e-01
2.469911973638546643e-01
2.488450612058490385e-01
2.350606552900245672e-01
2.204158770238858200e-01
1.933754737525365530e-01
1.618795504497932136e-01
1.325106397575851469e-01
9.440948280814735749e-02
7.917982343880096419e-02
6.021410495471569285e-02
7.108279662965977241e-02
8.049713981185684097e-02
9.209989537646795510e-02
1.023962496326064620e-01
1.089192040314670845e-01
1.150729945507357188e-01
1.191624609176175353e-01
1.231161651003303686e-01
1.271367897505363831e-01
1.310341043665059768e-01
1.362069146886577264e-01
1.411903350476730878e-01
1.498300580191133102e-01
1.579980438522817499e-01
1.702749832179070444e-01
1.817244011093983314e-01
1.900653808167941938e-01
1.980553963200611667e-01
1.944563952307658272e-01
1.907895156469325559e-01
1.771959024483428513e-01
1.624688782757305328e-01
1.528374903166226095e-01
1.425568675455282097e-01
1.516516880295016856e-01
1.602311095886230496e-01
1.739516683846318856e-01
1.866664334785248514e-01
1.847626422143905933e-01
1.828390290077402114e-01
1.612657768369376299e-01
1.363201783638382514e-01
1.056192553458580874e-01
6.105459172313306565e-02
4.513668865342914532e-02
1.862734964278949315e-02
4.659200028104531349e-02
6.320325011946081872e-02
6.908851942623345233e-02
7.451037650793983225e-02
7.084697800307711291e-02
6.698352317534539413e-02
7.259599126397431323e-02
7.780464972105480270e-02
8.846682121939196397e-02
9.797547343652740492e-02
9.811980995254089566e-02
9.826393445783555836e-02
8.722904396500151536e-02
7.457889384378486863e-02
6.406992489127087687e-02
5.145774134358840207e-02
5.287455681217137493e-02
5.425438573961950672e-02
5.623273713325936674e-02
5.814381376391700162e-02
5.126845417977049513e-02
4.331519027954729151e-02
3.279974805708339020e-02
1.659642239348295759e-02
2.023224057961179115e-02
2.330763569047014303e-02
4.733854862957825177e-02
6.275850931332110916e-02
8.631318156279037257e-02
1.046962278773797134e-01
1.249168913590438384e-01
1.422925133724965152e-01
1.510724702159913224e-01
1.593694548916481657e-01
1.547708338172419651e-01
1.500313262239175716e-01
1.359875756778449740e-01
1.203155959506815309e-01
1.032012787065968440e-01
8.261455818671249729e-02
7.304895841362414599e-02
6.202528054144595959e-02
7.196908786731440189e-02
8.069673965323112541e-02
1.051332801463694955e-01
1.248761362230937089e-01
1.497637826666255723e-01
1.710682080318370324e-01
1.851964024844708623e-01
1.983206574897238839e-01
1.939548659279596299e-01
1.894885137603575243e-01
1.728115394472115041e-01
1.543429929900320685e-01
1.466675654912165672e-01
1.385676370914923350e-01
1.582243113307061355e-01
1.756954050139983847e-01
1.995958264642898883e-01
2.209255814542374630e-01
2.293723892201436909e-01
2.375189957292285492e-01
2.304102523610755959e-01
2.230750892725760770e-01
2.118544744567932014e-01
2.000053530302634275e-01
2.000073957754210374e-01
2.000094384997156138e-01
2.093989863254564487e-01
2.183851997258190736e-01
2.199226643728334207e-01
2.214494550691105124e-01
2.065849385805218763e-01
1.905644577202947609e-01
1.676366436998088794e-01
1.410293447323759386e-01
1.314579503981765374e-01
1.211326106799302249e-01
1.427025903761397208e-01
1.614154553628155409e-01
1.884030631350732954e-01
2.119822614450835030e-01
2.266827983099495569e-01
2.404863882465841374e-01
2.381353168429833356e-01
2.357608010758559247e-01
2.173180622888360725e-01
1.971576147908559729e-01
1.734640369326330422e-01
1.459740358690962969e-01
1.306427796540638453e-01
1.132548127170246999e-01
1.151275163306433313e-01
1.169702416401571521e-01
1.235245244069717030e-01
1.297481361352846030e-01
1.284503748219406050e-01
1.271393674406700591e-01
1.145555273367926674e-01
1.004067673695731994e-01
8.061476573022492709e-02
5.399964790506051743e-02
4.642850446734880093e-02
3.735304646583392785e-02
5.908224814257094504e-02
7.474071187031809671e-02
9.411552937578857025e-02
1.101330637387698125e-01
1.181139605714290886e-01
1.255887082314738890e-01
1.313754020909714271e-01
1.369177450657093342e-01
1.507577473077179320e-01
1.634298865958025704e-01
1.813030181834945631e-01
1.975657889721097737e-01
2.161544518465193798e-01
2.332664852351625795e-01
2.514448295708972547e-01
2.683947680226065335e-01
2.687660435581652463e-01
2.691368069178022293e-01
2.513149610379450394e-01
2.321288401838455806e-01
2.152618118371074363e-01
1.969555706896637948e-01
1.812684578330656104e-01
3.307362755267938270e-02
