0.000000000000000000e+00
7.200000000000006395e-02
1.490000000000000213e-01
2.229999999999998650e-01
3.120000000000002771e-01
3.860000000000001208e-01
4.470000000000000639e-01
5.440000000000000391e-01
6.180000000000003268e-01
6.669999999999998153e-01
7.280000000000002025e-01
7.770000000000001350e-01
8.429999999999999716e-01
8.980000000000001315e-01
9.519999999999999574e-01
1.012999999999999901e+00
1.070000000000000284e+00
1.145999999999999908e+00
1.220000000000000195e+00
1.282000000000000028e+00
1.362000000000000099e+00
1.435999999999999943e+00
1.507000000000000117e+00
1.591000000000000192e+00
1.664000000000000146e+00
1.728000000000000203e+00
1.801000000000000156e+00
1.872000000000000330e+00
1.957000000000000295e+00
2.015000000000000124e+00
2.070000000000000284e+00
2.119000000000000217e+00
2.191000000000000281e+00
2.245999999999999996e+00
2.326000000000000068e+00
2.400000000000000355e+00
2.446000000000000174e+00
2.525000000000000355e+00
2.590000000000000302e+00
2.656000000000000139e+00
2.723000000000000309e+00
2.789000000000000146e+00
2.830000000000000071e+00
2.884000000000000341e+00
2.935999999999999943e+00
3.008000000000000007e+00
3.083000000000000185e+00
3.161999999999999922e+00
3.241000000000000103e+00
3.310000000000000053e+00
3.394000000000000128e+00
3.459999999999999964e+00
3.525000000000000355e+00
3.597999999999999865e+00
3.655000000000000249e+00
3.725999999999999979e+00
3.781000000000000583e+00
3.839999999999999858e+00
3.894000000000000128e+00
3.955000000000000071e+00
4.011000000000000121e+00
4.091000000000000192e+00
4.163000000000000256e+00
4.243999999999999773e+00
4.296999999999999709e+00
4.361999999999997435e+00
4.419999999999996376e+00
4.501999999999996227e+00
4.575999999999997847e+00
4.643999999999996575e+00
4.710999999999997634e+00
4.782999999999997698e+00
4.842999999999996419e+00
4.903999999999997250e+00
4.961999999999999744e+00
5.023999999999999133e+00
5.093999999999997641e+00
5.151999999999999247e+00
5.225999999999999091e+00
5.295999999999996710e+00
5.370999999999999552e+00
5.405999999999999694e+00
