0.000000000000000000e+00
7.499999999999973355e-02
1.290000000000000036e-01
1.800000000000001599e-01
2.700000000000000178e-01
3.620000000000000995e-01
4.199999999999999289e-01
4.759999999999999787e-01
5.489999999999999325e-01
6.219999999999998863e-01
6.610000000000000320e-01
6.979999999999999538e-01
7.669999999999999041e-01
8.560000000000003162e-01
9.430000000000000604e-01
9.759999999999999787e-01
1.016000000000000014e+00
1.103000000000000203e+00
1.172000000000000153e+00
1.202999999999999847e+00
1.258999999999999897e+00
1.326000000000000068e+00
1.387000000000000011e+00
1.458000000000000185e+00
1.541999999999999815e+00
1.693000000000000060e+00
1.779999999999999805e+00
1.858000000000000096e+00
2.032999999999999918e+00
2.109999999999999876e+00
2.365000000000000213e+00
2.556999999999999940e+00
2.706999999999999851e+00
2.810999999999999943e+00
2.859999999999999876e+00
2.855999999999999872e+00
2.834999999999999964e+00
2.751999999999999780e+00
2.634999999999999787e+00
2.672000000000000153e+00
2.847999999999999865e+00
3.008000000000000007e+00
2.982000000000000206e+00
2.963999999999999968e+00
3.065999999999999837e+00
3.032999999999999918e+00
2.983000000000000096e+00
3.044000000000000039e+00
3.081999999999999851e+00
3.069999999999999840e+00
3.170999999999999819e+00
3.225000000000000089e+00
3.233999999999999986e+00
3.334999999999999964e+00
3.357000000000000206e+00
3.407999999999999918e+00
3.428000000000000380e+00
3.499999999999999556e+00
3.558999999999999719e+00
3.590999999999999748e+00
3.629000000000000004e+00
3.675000000000000266e+00
3.744000000000000217e+00
3.864999999999999769e+00
3.986999999999999655e+00
4.099999999999996980e+00
4.194999999999993179e+00
4.317999999999994287e+00
4.445999999999995289e+00
4.578999999999995296e+00
4.698999999999997179e+00
4.775999999999998913e+00
4.812999999999999723e+00
4.869999999999998330e+00
4.923999999999999488e+00
4.988999999999999879e+00
5.054999999999997051e+00
5.114999999999997549e+00
5.182999999999999829e+00
5.250999999999996781e+00
5.316999999999997506e+00
5.349999999999998757e+00
