2.900000000000000147e-02
6.400000000000000133e-02
4.800000000000000100e-02
5.000000000000000278e-02
1.049999999999999961e-01
1.509999999999999953e-01
2.049999999999999878e-01
2.590000000000000080e-01
3.260000000000000120e-01
3.739999999999999991e-01
4.149999999999999800e-01
4.640000000000000235e-01
5.260000000000000231e-01
5.749999999999999556e-01
6.109999999999999876e-01
6.730000000000000426e-01
7.059999999999999609e-01
7.620000000000000107e-01
7.790000000000000258e-01
8.499999999999999778e-01
8.750000000000000000e-01
9.230000000000000426e-01
9.609999999999999654e-01
1.028999999999999915e+00
1.086000000000000076e+00
1.145000000000000018e+00
1.209000000000000075e+00
1.256000000000000005e+00
1.294000000000000039e+00
1.356000000000000094e+00
1.403000000000000025e+00
1.443000000000000060e+00
1.500999999999999890e+00
1.530000000000000027e+00
1.578999999999999959e+00
1.610999999999999988e+00
1.641000000000000014e+00
1.657000000000000028e+00
1.675000000000000044e+00
1.687000000000000055e+00
1.707000000000000073e+00
1.709000000000000075e+00
1.733999999999999986e+00
1.747000000000000108e+00
1.766000000000000014e+00
1.784000000000000030e+00
1.798000000000000043e+00
1.802999999999999936e+00
1.824000000000000066e+00
1.840000000000000080e+00
1.846999999999999975e+00
1.844000000000000083e+00
1.858000000000000096e+00
1.877999999999999892e+00
1.895000000000000018e+00
1.911000000000000032e+00
1.931000000000000050e+00
1.951000000000000068e+00
1.961999999999999966e+00
1.993999999999999995e+00
1.995999999999999996e+00
2.008999999999999897e+00
2.020000000000000018e+00
2.036999999999999922e+00
2.052999999999999936e+00
2.067000000000000171e+00
2.081999999999999851e+00
2.096999999999999975e+00
2.119000000000000217e+00
2.133999999999999897e+00
2.165999999999999925e+00
2.177999999999999936e+00
2.202999999999999847e+00
2.224000000000000199e+00
2.258999999999999897e+00
2.251999999999999780e+00
2.270999999999999908e+00
2.273000000000000131e+00
2.313000000000000167e+00
2.330000000000000071e+00
2.349000000000000199e+00
2.349000000000000199e+00
2.351999999999999869e+00
2.361000000000000210e+00
2.366999999999999993e+00
2.395000000000000018e+00
2.392999999999999794e+00
2.419000000000000039e+00
2.415999999999999925e+00
2.432999999999999829e+00
2.442000000000000171e+00
2.458000000000000185e+00
2.471000000000000085e+00
2.484999999999999876e+00
2.500000000000000000e+00
2.513999999999999790e+00
2.519000000000000128e+00
2.539000000000000146e+00
2.536000000000000032e+00
2.549999999999999822e+00
2.569999999999999840e+00
2.588000000000000078e+00
2.605999999999999872e+00
2.628000000000000114e+00
2.653000000000000025e+00
2.674999999999999822e+00
2.692000000000000171e+00
2.717999999999999972e+00
2.726999999999999869e+00
2.758000000000000007e+00
2.781000000000000139e+00
2.810999999999999943e+00
2.842999999999999972e+00
2.871999999999999886e+00
2.912999999999999812e+00
2.951000000000000068e+00
2.994000000000000217e+00
3.023000000000000131e+00
3.071000000000000174e+00
3.104999999999999982e+00
3.137000000000000011e+00
3.181000000000000050e+00
3.205000000000000071e+00
3.226999999999999869e+00
3.238999999999999879e+00
3.244000000000000217e+00
3.250000000000000000e+00
3.177999999999999936e+00
3.202999999999999847e+00
3.092999999999999972e+00
3.230999999999999872e+00
3.084999999999999964e+00
3.246999999999999886e+00
3.176000000000000156e+00
3.255999999999999783e+00
3.177999999999999936e+00
3.335999999999999854e+00
3.350000000000000089e+00
3.338000000000000078e+00
3.403000000000000025e+00
3.427000000000000046e+00
3.455999999999999961e+00
3.484999999999999876e+00
3.608000000000000096e+00
3.616000000000000103e+00
3.611000000000000210e+00
3.600000000000000089e+00
3.628000000000000114e+00
3.669999999999999929e+00
3.706999999999999851e+00
3.718999999999999861e+00
3.733000000000000096e+00
3.745999999999999996e+00
3.770000000000000018e+00
3.777000000000000135e+00
3.798999999999999932e+00
3.830000000000000071e+00
3.841000000000000192e+00
3.858000000000000096e+00
3.878000000000000114e+00
3.899000000000000021e+00
3.924999999999999822e+00
3.955999999999999961e+00
3.983999999999999986e+00
4.014000000000000234e+00
4.044999999999999929e+00
4.084999999999999964e+00
4.125000000000000000e+00
4.163999999999999702e+00
4.206999999999999851e+00
4.261000000000000121e+00
4.323000000000000398e+00
4.391000000000000014e+00
4.443999999999999950e+00
4.498000000000000220e+00
4.554999999999999716e+00
4.618000000000000327e+00
4.660000000000000142e+00
4.711000000000000298e+00
4.750000000000000000e+00
4.783999999999999808e+00
4.825999999999999623e+00
4.883000000000000007e+00
4.931000000000000050e+00
4.985999999999999766e+00
5.020999999999999908e+00
