5.000000000000000104e-04
1.075000000000000087e-02
3.899999999999999994e-02
7.649999999999999856e-02
1.277500000000000024e-01
1.750000000000000167e-01
2.147499999999999964e-01
2.597500000000000364e-01
3.064999999999999947e-01
3.569999999999999840e-01
4.097499999999999476e-01
4.572499999999999343e-01
5.020000000000000018e-01
5.484999999999999876e-01
5.937500000000000000e-01
6.392499999999999849e-01
6.837499999999999689e-01
7.269999999999999796e-01
7.714999999999999636e-01
8.167499999999999760e-01
8.619999999999999885e-01
9.094999999999999751e-01
9.555000000000000160e-01
1.002499999999999947e+00
1.052499999999999991e+00
1.101250000000000062e+00
1.151750000000000052e+00
1.200250000000000039e+00
1.246999999999999886e+00
1.293750000000000178e+00
1.337749999999999995e+00
1.382749999999999924e+00
1.428499999999999881e+00
1.473749999999999893e+00
1.519249999999999989e+00
1.564250000000000140e+00
1.607999999999999874e+00
1.649999999999999911e+00
1.688999999999999835e+00
1.721499999999999808e+00
1.752499999999999947e+00
1.778999999999999915e+00
1.800750000000000073e+00
1.821499999999999897e+00
1.838500000000000023e+00
1.855999999999999872e+00
1.872999999999999998e+00
1.887499999999999956e+00
1.897000000000000020e+00
1.901250000000000107e+00
1.903750000000000053e+00
1.910250000000000004e+00
1.918750000000000178e+00
1.929499999999999993e+00
1.940250000000000030e+00
1.949749999999999872e+00
1.960749999999999993e+00
1.971749999999999892e+00
1.987000000000000099e+00
2.001000000000000334e+00
2.013250000000000206e+00
2.024999999999999911e+00
2.033000000000000362e+00
2.043750000000000178e+00
2.057750000000000412e+00
2.070250000000000146e+00
2.088000000000000078e+00
2.105249999999999844e+00
2.120999999999999996e+00
2.140249999999999986e+00
2.159250000000000114e+00
2.177999999999999936e+00
2.197750000000000092e+00
2.217249999999999943e+00
2.233999999999999986e+00
2.253000000000000114e+00
2.271250000000000213e+00
2.290249999999999897e+00
2.308749999999999858e+00
2.323499999999999677e+00
2.338249999999999940e+00
2.352500000000000036e+00
2.366249999999999964e+00
2.379999999999999893e+00
2.391999999999999904e+00
2.403000000000000025e+00
2.414499999999999869e+00
2.427000000000000046e+00
2.439750000000000085e+00
2.451500000000000234e+00
2.464500000000000135e+00
2.475750000000000117e+00
2.489749999999999908e+00
2.503499999999999837e+00
2.515499999999999847e+00
2.528999999999999915e+00
2.540000000000000036e+00
2.548750000000000071e+00
2.560500000000000220e+00
2.572999999999999954e+00
2.586250000000000160e+00
2.604000000000000092e+00
2.622749999999999915e+00
2.643749999999999822e+00
2.666500000000000092e+00
2.690999999999999837e+00
2.715749999999999886e+00
2.741249999999999964e+00
2.771749999999999936e+00
2.806499999999999773e+00
2.849749999999999783e+00
2.899999999999999911e+00
2.956500000000000128e+00
3.024250000000000327e+00
3.096750000000000114e+00
3.167999999999999705e+00
3.227749999999999897e+00
3.264250000000000096e+00
3.272499999999999964e+00
3.244749999999999801e+00
3.197999999999999954e+00
3.151499999999999968e+00
3.104749999999999677e+00
3.066999999999999726e+00
3.052500000000000213e+00
3.008999999999999897e+00
3.004249999999999865e+00
3.041250000000000231e+00
3.068249999999999922e+00
3.075250000000000483e+00
3.091750000000000220e+00
3.104249999999999954e+00
3.095250000000000057e+00
3.115749999999999797e+00
3.147249999999999659e+00
3.148500000000000298e+00
3.190500000000000114e+00
3.249499999999999833e+00
3.287749999999999950e+00
3.364999999999999769e+00
3.439750000000000085e+00
3.525250000000000217e+00
3.576500000000000234e+00
3.596250000000000391e+00
3.606500000000000039e+00
3.616249999999999964e+00
3.633000000000000007e+00
3.650750000000000384e+00
3.666750000000000398e+00
3.679250000000000576e+00
3.688000000000000167e+00
3.697499999999999787e+00
3.700750000000000206e+00
3.701249999999999929e+00
3.702749999999999986e+00
3.705000000000000071e+00
3.718249999999999833e+00
3.739499999999999602e+00
3.768750000000000266e+00
3.800250000000000128e+00
3.826250000000000373e+00
3.851500000000000146e+00
3.879500000000000171e+00
3.911750000000000060e+00
3.952249999999999819e+00
3.997749999999999915e+00
4.045749999999999957e+00
4.098749999999999893e+00
4.155000000000000249e+00
4.214999999999999858e+00
4.278999999999999915e+00
4.345749999999999780e+00
4.412999999999999368e+00
4.482499999999999929e+00
4.552749999999999631e+00
4.623249999999999638e+00
4.691749999999999865e+00
4.751249999999999751e+00
4.798750000000000071e+00
4.833750000000000213e+00
