9.313489566322962219e-16
1.850125563430832926e-02
3.703873933021583492e-02
5.558507225578546845e-02
7.414965829322499313e-02
9.273149812133514580e-02
1.113312163458548970e-01
1.299483789824217583e-01
1.485828446865345709e-01
1.672337098464095895e-01
1.859001650616052548e-01
2.045861893746032112e-01
2.232859994035716333e-01
2.420017116938353585e-01
2.607383466784223280e-01
2.794849355075996189e-01
2.982486354859056332e-01
3.170277987412702947e-01
3.358228995614380707e-01
3.546330771437327667e-01
3.734567151187103695e-01
3.922938538789969010e-01
4.111449490701652998e-01
4.300087785294320897e-01
4.488840946682507993e-01
4.677716248781288444e-01
4.866665770374896116e-01
5.055554380608926479e-01
5.244704675132876304e-01
5.433988381102633491e-01
5.623378934895644221e-01
5.812829574688225254e-01
6.002407134010900869e-01
6.191799978593450771e-01
6.381408206790687432e-01
6.571113917764411783e-01
6.760898086721449651e-01
6.950769588009109157e-01
7.140709576931282276e-01
7.330702677296027092e-01
7.520806915609672405e-01
7.710650749745867616e-01
7.900691174675059658e-01
8.090642089114741253e-01
8.280645937923252209e-01
8.470831551373326773e-01
8.661052651094565125e-01
8.851150957246526341e-01
9.041012959303925678e-01
9.230820229634035812e-01
9.420833767977420115e-01
9.610966566729285399e-01
9.801177657031602264e-01
9.991412767167768827e-01
1.018125120182997057e+00
1.037080284611579195e+00
1.056065309458045665e+00
1.075067234857973286e+00
1.094055988226616760e+00
1.113011311227874334e+00
1.131946877216398528e+00
1.150889142559166523e+00
1.169855043763292191e+00
1.188832791294122115e+00
1.207798661299647414e+00
1.226716189370809174e+00
1.245599012374935644e+00
1.264536984073109771e+00
1.283463661387431509e+00
1.302372389239571104e+00
1.321206023196109580e+00
1.340067057916445536e+00
1.358952175527162742e+00
1.377844617851805342e+00
1.396719712955627246e+00
1.415522669040123249e+00
1.434382897537533230e+00
1.453220265324366434e+00
1.472022394039300019e+00
1.490821136693008864e+00
1.509549764639250391e+00
1.528317543573998849e+00
1.547122023733280560e+00
1.565930695669483619e+00
1.584698986980420443e+00
1.603449232198724150e+00
1.622138558934334229e+00
1.640823998513644577e+00
1.659503396168887424e+00
1.678176888122390631e+00
1.696860683164496120e+00
1.715565328312351090e+00
1.734291421119087406e+00
1.752936032539164080e+00
1.771532143918717050e+00
1.790169532207228409e+00
1.808810835758058566e+00
1.827376224656142245e+00
1.845918433964661487e+00
1.864516295394041290e+00
1.883234268364869735e+00
1.901750892309961749e+00
1.920265824270191990e+00
1.938775183881931374e+00
1.957350873051694196e+00
1.975807826052460303e+00
1.994243822505768593e+00
2.012929205114793341e+00
2.031428385728553110e+00
2.049806193995376891e+00
2.068348450139222194e+00
2.086864053616789505e+00
2.105256733671684088e+00
2.123592908047540639e+00
2.142192931718754245e+00
2.160644062239279961e+00
2.178999973405390644e+00
2.197417904055773086e+00
2.215853755089032262e+00
2.234176591187326366e+00
2.252530077613299042e+00
2.271006015036349801e+00
2.289411877428223274e+00
2.307738908729227045e+00
2.326051772070735879e+00
2.344451533368387519e+00
2.362709153632837733e+00
2.381084126697991188e+00
2.399456421197568190e+00
2.417756133017542997e+00
2.436072396679956231e+00
2.454309919315934785e+00
2.472597028178046052e+00
2.490842640057474799e+00
2.509202878425012884e+00
2.527531407154242071e+00
2.545799713443406720e+00
2.564000770847668864e+00
2.582210754734111102e+00
2.600428350499829566e+00
2.618737981592194064e+00
2.637001345858958956e+00
2.655130246812405836e+00
2.673412319447223684e+00
2.691673155539147100e+00
2.709788102773686536e+00
2.728045703734063299e+00
2.746267552858547845e+00
2.764385711030118653e+00
2.782561798713211854e+00
2.800811237956549071e+00
2.818904583883303783e+00
2.837131224348713676e+00
2.855325724335929127e+00
2.873443375888125040e+00
2.891478241430256002e+00
2.909627998850071506e+00
2.927817414226800086e+00
2.945966322834797868e+00
2.964116504665714746e+00
2.982097026882901680e+00
3.000191294648622886e+00
3.018347974061263095e+00
3.036502613520144056e+00
3.054578729215643662e+00
3.072529692416276159e+00
3.090645760546914644e+00
3.108667498041362887e+00
3.126726735319550254e+00
3.144872904412955972e+00
3.162830746231009016e+00
3.180994083606393907e+00
3.198999838264128481e+00
3.216800591807858822e+00
3.235012561543830323e+00
3.252906821430223250e+00
3.270868913232602981e+00
3.288992600463095606e+00
3.306921295505281133e+00
3.324774423940257684e+00
3.342805360248716440e+00
3.360824890456965530e+00
3.378725960102937353e+00
3.396660129736784661e+00
3.414569178382870884e+00
3.432487685364409291e+00
3.450374157409095144e+00
3.468324124747287129e+00
3.486208106329452772e+00
3.504050149911850376e+00
3.521926113823845572e+00
3.539787516779997034e+00
3.557643531259571112e+00
3.575495159405122081e+00
3.593321094319071207e+00
3.611181273294260308e+00
3.629169201898611696e+00
3.647376136774651112e+00
3.665665746429186633e+00
3.684013840121168837e+00
3.702421202497786723e+00
3.720771484580024158e+00
3.739136820704041853e+00
3.757537340777227008e+00
3.775943457277817661e+00
3.794317474319685690e+00
3.812766340989584002e+00
3.831227883615445418e+00
3.849717437149803079e+00
3.868225235569389131e+00
3.886843397910195286e+00
3.905748308873945973e+00
3.924736837548902457e+00
3.943607092876372899e+00
3.962318934006862747e+00
3.980741400892712445e+00
3.998981661323329995e+00
4.017392725505932738e+00
4.036083024651797579e+00
4.054975092886441423e+00
4.073963640330762637e+00
4.093145305215766250e+00
4.112519489285626051e+00
4.132052830638797580e+00
4.151714298404284520e+00
4.171555766100105700e+00
4.191551166711686705e+00
4.211757336454219569e+00
4.232128272090136534e+00
4.252749590401016633e+00
4.273793518039423311e+00
4.295140014981849497e+00
4.316553211626793285e+00
4.337984848808447147e+00
4.359321290033050467e+00
4.380536373387614368e+00
4.401639355459067815e+00
4.422604519873542195e+00
4.443469468469475103e+00
4.464234385291505625e+00
4.484897637034760187e+00
4.505516898538072468e+00
4.526188310976300144e+00
4.546810690715955339e+00
4.567473397770073440e+00
4.588234491088283740e+00
4.609063958676940409e+00
4.629937638870984529e+00
4.650867883287720161e+00
4.671955589881608084e+00
4.693081667106406840e+00
4.714283002002684242e+00
4.735619940725285026e+00
4.757032820377538940e+00
4.778590285080399624e+00
4.800161187738712698e+00
4.821895743891983166e+00
4.843775483951728411e+00
4.865690756702791830e+00
4.887738375329170992e+00
4.909928679680412245e+00
4.932190655247363331e+00
4.954601467098626699e+00
4.977143055125945459e+00
4.999750609627509057e+00
5.022565195047254960e+00
5.045468753616913382e+00
5.068491381727506351e+00
5.091688313795960319e+00
5.114952288550006720e+00
5.138420392146942461e+00
5.161997639774748237e+00
5.185703291294784023e+00
5.209605865604416408e+00
5.233652395691574810e+00
5.257822563696828766e+00
5.282119159570624944e+00
5.306631236946750541e+00
5.331324364831997009e+00
5.356124516051033346e+00
5.381115849608180568e+00
5.406294668459620922e+00
5.431624232305574118e+00
5.457152360383122236e+00
5.482863411379183205e+00
5.508767438080617751e+00
5.534833569442512591e+00
5.561092559100135446e+00
5.587593635387915647e+00
5.614292991670457589e+00
5.641158100921846774e+00
5.668245199079676944e+00
5.695578130664481264e+00
5.723107200684569129e+00
5.750846847097903947e+00
5.778846781947348354e+00
5.807093783357442085e+00
5.835550418462213784e+00
5.864261215178552256e+00
5.893245196509092843e+00
5.922436765965439776e+00
5.951920760255822174e+00
5.981677448539249653e+00
6.011695185765121074e+00
6.042009362844600773e+00
6.072585030613713464e+00
6.103479307020689859e+00
6.134670557131580715e+00
6.166168670021317411e+00
6.197973154735047174e+00
6.230110915641909664e+00
6.262589488094524981e+00
6.295384797055391779e+00
6.328539482106763536e+00
6.362046659612587085e+00
6.395903032136119215e+00
6.430160976188775912e+00
6.464784648926821475e+00
6.499782300849055616e+00
6.535313649864615826e+00
6.571140547784159125e+00
6.607162758538583702e+00
6.644169657139444851e+00
6.681370572485212378e+00
6.718599313037834087e+00
6.757115601851507058e+00
6.795130186331899580e+00
6.834984997896315306e+00
6.873991095240992166e+00
6.914158351061117536e+00
6.954841681967320000e+00
6.995995415937896311e+00
7.038190683993047259e+00
7.080068922798665731e+00
7.122986542062779591e+00
7.166658297961285840e+00
7.211405097375632955e+00
7.255565252524915465e+00
7.301170653045340408e+00
7.348404077090661346e+00
7.394035435293254466e+00
7.440123959123349451e+00
7.496598016146726273e+00
7.536267409764742631e+00
7.590184030492443945e+00
7.654677012505848310e+00
7.688872113944457354e+00
7.751066337133019069e+00
7.822545342607962304e+00
7.851162072209033838e+00
7.924053166138633308e+00
8.001762404241709703e+00
8.039549232065581919e+00
8.059548110752311700e+00
8.079546989439043259e+00
8.099545868125774817e+00
8.119544746812502822e+00
8.139543625499232604e+00
8.159542504185962386e+00
8.179541382872692168e+00
8.199540261559425502e+00
8.219539140246153508e+00
8.239538018932886843e+00
8.259536897619614848e+00
8.279535776306346406e+00
8.299534654993076188e+00
8.319533533679805970e+00
8.339532412366535752e+00
8.359531291053265534e+00
8.379530169739997092e+00
8.399529048426728650e+00
8.419527927113458432e+00
8.439526805800188214e+00
8.459525684486917996e+00
8.479524563173647778e+00
8.499523441860379336e+00
8.519522320547107341e+00
8.539521199233838900e+00
8.559520077920568681e+00
8.579518956607300240e+00
8.599517835294031798e+00
8.619516713980759803e+00
8.639515592667491362e+00
8.659514471354219367e+00
8.679513350040950925e+00
8.699512228727682484e+00
8.719511107414412265e+00
8.699365793573857530e+00
8.679030081920567241e+00
8.646100346676096393e+00
8.676776774398444303e+00
8.637455829146746922e+00
8.596478341751289776e+00
8.593912836410373401e+00
8.584051158039880391e+00
8.584607592140423904e+00
8.584861791764449634e+00
8.602659282290098020e+00
8.590427467936587291e+00
8.583716950341809593e+00
8.575177396998089563e+00
8.584079853410338856e+00
8.585012585444758315e+00
8.589750887593691431e+00
8.603795642056571324e+00
8.601983797674970234e+00
8.567567571573231788e+00
8.561528758898898417e+00
8.548915194238793092e+00
8.551018824674534002e+00
8.529340373444854961e+00
8.518497147170958073e+00
8.528964749144167357e+00
8.523196760106715786e+00
8.515607986513725081e+00
8.504531421822557391e+00
8.511435161655153792e+00
8.502133639391434627e+00
8.502960310533941524e+00
8.491836205834852436e+00
8.500098261602465399e+00
8.501235316232325090e+00
8.503090651487525520e+00
8.513171681611048314e+00
8.519150414626860623e+00
8.503430093422789326e+00
8.520224399449954689e+00
8.517350307839398837e+00
8.528059831132768664e+00
8.532536994430650168e+00
8.540563801736013261e+00
8.541352294498000930e+00
8.554824383784131570e+00
8.570073867042481197e+00
8.583022574268161620e+00
8.600709385518447547e+00
8.614821545038539696e+00
8.629419057777321100e+00
8.642484922243118817e+00
8.657848016671053415e+00
8.673872018619359636e+00
8.688270514701690317e+00
8.703767489061785767e+00
8.720945183390382383e+00
8.733117890039205022e+00
8.748191414485960493e+00
8.760294961949878001e+00
8.779562886049630421e+00
8.799197037359469675e+00
8.817037572975532811e+00
8.838220085379902002e+00
8.855273816608285387e+00
8.873636041123965867e+00
8.891809557424995347e+00
8.909994212430126126e+00
8.928590061306586279e+00
8.944976990043318921e+00
8.963401575179609893e+00
8.981018890902376484e+00
8.997760050814873622e+00
9.015534696386350078e+00
9.035133763303981880e+00
9.051423276215091462e+00
9.071168736659741327e+00
9.094874763872200063e+00
9.108447547047465065e+00
9.128081452673944440e+00
9.149994550642183810e+00
9.159987609820689158e+00
9.169318294119078061e+00
9.178565790515758493e+00
9.184741934988572609e+00
9.190977965683279294e+00
9.198997767854502072e+00
9.208579134930999999e+00
9.219448766731328959e+00
9.229886427405675775e+00
9.239948835519264492e+00
9.251449719976783115e+00
9.215117889414601748e+00
9.232306518825250663e+00
9.247239086443693523e+00
9.265104215877478566e+00
9.285907115984567639e+00
9.298737055410072117e+00
9.316114765808015008e+00
9.335038807263444482e+00
9.344942327083286315e+00
9.354306232485662065e+00
9.363546593838265153e+00
9.370391319102330030e+00
9.378003543252512841e+00
9.386688163546297758e+00
9.397653076131732064e+00
9.412069168529999530e+00
9.431468163513883951e+00
9.575302277746887469e+00
9.758937978350505915e+00
9.960000000000002629e+00
9.980000000000002203e+00
1.000000000000000178e+01
1.002000000000000135e+01
1.004000000000000092e+01
1.006000000000000227e+01
1.008000000000000185e+01
1.010000000000000142e+01
1.012000000000000099e+01
1.014000000000000234e+01
1.016000000000000192e+01
1.018000000000000149e+01
