0.000000000000000000e+00
4.104280265407211806e-05
6.147233552234037681e-05
-6.722522425354298097e-04
-1.357890272878007568e-03
-1.402009324321340251e-03
-2.567811439820488328e-03
-2.501590327814053397e-03
-2.342746575329860727e-03
-2.502372072561797819e-03
-3.350585253630312607e-03
-3.048470110113478838e-03
-2.877288138252598586e-03
-2.651893735992713174e-03
-2.729754151344737124e-03
-2.546822160691764817e-03
-2.445433176951944745e-03
-2.210952374410610124e-03
-2.237232956050493136e-03
-1.998387001543159604e-03
-1.729600105398821155e-03
-2.224116458807735234e-03
-5.053008200471697728e-03
-5.009434366105047429e-03
-4.777313810805463613e-03
-5.750783796304365959e-03
-5.654927913116656636e-03
-4.981737313176485583e-03
-4.848818112244563869e-03
-4.520760312533398870e-03
-3.881589762627841913e-03
-3.009668599038858080e-03
-2.360593805116934733e-03
-1.616672391963306851e-03
-8.786160601515124926e-04
-1.050097714287463458e-04
7.168573302765820143e-04
1.808819124002258253e-03
2.785701435160695908e-03
4.077237223897253217e-03
5.310704289425541118e-03
6.691911440459695666e-03
8.036378717108841330e-03
9.436031785201894062e-03
1.097874044336767489e-02
1.255226672135332025e-02
1.424447502846738073e-02
1.597689116276151261e-02
1.782275235552596010e-02
1.975164172325348869e-02
2.171203215056522612e-02
2.377940067025726550e-02
2.595694479839753821e-02
2.818551564523039121e-02
3.050485143839805000e-02
3.292274718670309269e-02
3.542324967537244240e-02
3.801209216205503338e-02
4.067579448544894616e-02
4.342949087501237621e-02
4.630261327206475902e-02
4.925083338552919271e-02
5.230945037534059233e-02
5.540093351334701016e-02
5.861301735126502738e-02
6.208982649407568388e-02
6.545630577395934735e-02
6.897641820835302695e-02
7.256953499195985258e-02
7.632894931426588425e-02
8.016755240751936851e-02
8.408869829379161942e-02
8.816362302282761132e-02
9.234022739515275469e-02
9.656906619736072006e-02
1.009337327805243656e-01
1.053654333778823310e-01
1.098676180892112220e-01
1.145342430099179631e-01
1.192659419577676294e-01
1.241190353233488641e-01
1.290584973753199083e-01
1.341312319703971967e-01
1.392829081411089687e-01
1.445769173056836998e-01
1.499424061779482675e-01
1.554023661824912028e-01
1.609775543289022059e-01
1.666678755647972854e-01
1.724396951220110996e-01
1.783150428005642052e-01
1.842972326527839710e-01
1.903826108535560113e-01
1.965759354110505619e-01
2.028437048868181325e-01
2.092617966508454885e-01
2.157965057609357029e-01
2.224321308513658724e-01
2.291442730860676624e-01
2.360599894981633418e-01
2.430724987329345166e-01
2.502188180538899021e-01
2.575291017297435814e-01
2.649730917623993598e-01
2.724979402659787331e-01
2.801198931412960946e-01
2.878337019032758404e-01
2.956604210245261100e-01
3.035552529769409147e-01
3.115343476135492007e-01
3.196075093967576386e-01
3.277630637308348027e-01
3.360034430793094051e-01
3.442870098271468837e-01
3.527097907352341744e-01
3.612260010805209975e-01
3.698289186356215064e-01
3.784653139727064963e-01
3.872871089774315156e-01
3.960812812223222790e-01
4.050051805726262444e-01
4.141272935640867847e-01
4.232341851615189499e-01
4.325476011079635308e-01
4.419743826695897715e-01
4.514120683696596914e-01
4.610886294437324673e-01
4.707816579741826990e-01
4.804118056015675431e-01
4.902277320029808649e-01
5.002225811951002132e-01
5.102593584597568954e-01
5.205193497532472069e-01
5.307563462693520862e-01
5.410063296670791777e-01
5.514971890084945372e-01
5.620458409309528891e-01
5.725288593128459169e-01
5.832908247935009172e-01
5.940365270415429721e-01
6.047725555352471138e-01
6.158352891630647363e-01
6.267764509314366350e-01
6.378018375348166735e-01
6.491159959902909060e-01
6.603359565009631060e-01
6.715299033263956163e-01
6.830736780758117632e-01
6.945148200455358856e-01
7.060327161182372580e-01
7.177963200931347654e-01
7.294851482975229784e-01
7.414909234542178540e-01
7.534268036986858652e-01
7.654275174760505340e-01
7.773525524110788121e-01
7.896258666115604230e-01
8.017693473638823898e-01
8.143505295306833203e-01
8.267263127412318724e-01
8.391421788164398210e-01
8.518823755131021969e-01
8.644572850820124721e-01
8.770687037336880598e-01
8.900525188922088216e-01
9.028386192974675595e-01
9.160116604137379381e-01
9.290561855643177935e-01
9.420514718365994300e-01
9.554771407160093100e-01
9.686484192272180049e-01
9.820229036409030554e-01
9.956201202290142493e-01
1.009107083583268505e+00
1.022878388802074268e+00
1.036518117078347734e+00
1.050159923508164228e+00
1.064116384730891429e+00
1.077924087123208530e+00
1.092092653738147678e+00
1.106060333644737437e+00
1.120120252314992015e+00
1.134554475920420691e+00
1.148745107141855071e+00
1.163251856644535343e+00
1.177660947088263965e+00
1.192328333065789669e+00
1.206891445846679733e+00
1.221385666162881023e+00
1.236348044876534713e+00
1.251056622676156582e+00
1.266113748418333795e+00
1.281029169928841194e+00
1.296231001165122132e+00
1.311327100129170864e+00
1.326473196249914999e+00
1.341899645411795294e+00
1.357143192203040583e+00
1.372761017879194245e+00
1.388099628132810626e+00
1.403789571714493034e+00
1.419312098158915791e+00
1.435267282221619256e+00
1.451042271360681868e+00
1.467008508127916278e+00
1.482852537523700054e+00
1.498956963348468063e+00
1.515073176687099066e+00
1.531351685716587641e+00
1.547507948202154759e+00
1.563898987494589665e+00
1.580289435873206694e+00
1.596850658745186280e+00
1.613342714573278602e+00
1.630021719884684472e+00
1.646628538689987487e+00
1.663463393287493153e+00
1.680281740314308880e+00
1.697301748101625263e+00
1.714264679072960096e+00
1.731417198533975244e+00
1.748400352879551978e+00
1.765738952614700263e+00
1.782955658622320305e+00
1.800373555136721260e+00
1.817719437084511336e+00
1.835310791427476440e+00
1.852878605900916575e+00
1.870446739295569039e+00
1.888325360031561262e+00
1.906064781283747900e+00
1.923975910739189610e+00
1.941783340796885193e+00
1.959875972402310484e+00
1.977939574370564113e+00
1.996075611299432007e+00
2.014332697565849539e+00
2.032583661377181716e+00
2.051045223093107328e+00
2.069292782657702112e+00
2.087849724955362696e+00
2.106459338257582914e+00
2.125087354703919740e+00
2.143840011545302904e+00
2.162596959180209222e+00
2.181508427093688418e+00
2.200386357371762802e+00
2.219356933296822820e+00
2.238440454843256155e+00
2.257617703619405169e+00
2.276747266762954247e+00
2.296072566891779854e+00
2.315433237059933536e+00
2.334781649153991889e+00
2.354219685678495377e+00
2.373853568135540382e+00
2.393359402037117611e+00
2.413164615186838002e+00
2.432829932492729608e+00
2.452720552363234940e+00
2.472611371542528858e+00
2.492530274924634082e+00
2.512518401896450371e+00
2.532592737978863529e+00
2.552785449943106855e+00
2.572994582787017315e+00
2.593338386036440735e+00
2.613645003878537487e+00
2.634063140019430094e+00
2.654592968556854338e+00
2.675113463261717062e+00
2.695785436398177914e+00
2.716440701376298783e+00
2.737207188699899429e+00
2.758003690451650503e+00
2.778932358543166004e+00
2.799853554053897575e+00
2.820843726200560120e+00
2.842009542760167928e+00
2.863151367524591429e+00
2.884347971624972473e+00
2.905568836838445801e+00
2.927003136437202890e+00
2.948418763134545095e+00
2.969874396629431867e+00
2.991406880446450867e+00
3.013020353497170678e+00
3.034775367298655269e+00
3.056394798129526524e+00
3.078216513028497303e+00
3.100176000022853540e+00
3.122027272401551201e+00
3.144133349546554879e+00
3.166138898560094894e+00
3.188239436141381056e+00
3.210462587953139213e+00
3.232758730616549503e+00
3.255131681626810547e+00
3.277490776118342719e+00
3.299912840051624663e+00
3.322481690567411050e+00
3.345124106365622740e+00
3.367770262633888123e+00
3.390524662795072253e+00
3.413388810690013209e+00
3.436200948889088558e+00
3.459104418045631846e+00
3.482153330758111398e+00
3.505234423442822322e+00
3.528407354169961874e+00
3.551636201605630205e+00
3.574906537836734177e+00
3.598307300218039018e+00
3.621705254970106758e+00
3.645281452253264387e+00
3.668887951493849719e+00
3.692475409292429234e+00
3.716320382230768438e+00
3.740123188097704610e+00
3.763980692999869149e+00
3.788007826070138417e+00
3.812084872737376173e+00
3.836193973214351072e+00
3.860440846834238382e+00
3.884764252755967817e+00
3.909162566766057445e+00
3.933670054203342925e+00
3.958257524166024943e+00
3.982981278939637271e+00
4.007692089786263345e+00
4.032501723159703566e+00
4.057570489442245965e+00
4.082628380597858708e+00
4.107724181028149957e+00
4.132995319718618887e+00
4.158362095168214090e+00
4.183896622513925578e+00
4.209412793137080833e+00
4.235079013868717546e+00
4.261043336768057799e+00
4.287099550355342181e+00
4.313390707478570008e+00
4.339859558575844822e+00
4.366519477291746831e+00
4.393340831503398825e+00
4.420355036238290403e+00
4.447549262725981833e+00
4.474812128490018637e+00
4.502198317927618376e+00
4.529828142476303832e+00
4.557576411789749926e+00
4.585427721120059807e+00
4.613484237201372018e+00
4.641596734161028692e+00
4.669875800306598990e+00
4.698274415499470003e+00
4.726785781530440822e+00
4.755461881604508889e+00
4.784263082715182414e+00
4.813186035793791007e+00
4.842319298615050727e+00
4.871487610289811698e+00
4.900918010252676815e+00
4.930533147331013666e+00
4.960382676167342630e+00
4.990468883212598072e+00
5.020746430787149883e+00
5.051209252803465333e+00
5.081933304343701607e+00
5.112867503569814787e+00
5.143974879293227609e+00
5.175329322604633298e+00
5.206870298710989609e+00
5.238692329646073453e+00
5.270793083305366444e+00
5.303245925419632911e+00
5.336007073659831512e+00
5.369120443767871897e+00
5.402618501779276272e+00
5.436434958103396831e+00
5.470602492873839928e+00
5.505160465310439122e+00
5.540109903533230629e+00
5.575497689395143119e+00
5.611253109011489215e+00
5.647471504820164689e+00
5.684127030862260455e+00
5.721172026009551992e+00
5.758711789151025329e+00
5.796672475108649358e+00
5.835099061516893393e+00
5.874015696559824029e+00
5.913410428062497282e+00
5.953317381203048875e+00
5.993727846430817685e+00
6.034665531093647672e+00
6.076139699818946305e+00
6.118188863088998453e+00
6.160843416215518786e+00
6.204050639437943104e+00
6.247859317536868851e+00
6.292375075818759100e+00
6.337537853513073749e+00
6.383313819439799808e+00
6.429887677571028526e+00
6.477207687806370906e+00
6.525211093633182635e+00
6.573974914441787831e+00
6.623770578674410991e+00
6.674368232469297446e+00
6.725511028987829931e+00
6.777963897839747176e+00
6.831376817580713912e+00
6.885484284355778861e+00
6.940847928769811936e+00
6.996929878813058501e+00
7.054843268058247574e+00
7.113379718140985020e+00
7.173093040104958185e+00
7.233189732682718365e+00
7.295260636238385388e+00
7.359930527051673721e+00
7.425583073724499883e+00
7.494557766947261612e+00
7.563583575341362497e+00
7.634164895199720746e+00
7.709695658629827975e+00
7.783453617045112516e+00
7.862653959015794669e+00
7.944436833983487212e+00
8.024987943652563516e+00
8.113096042683746845e+00
8.198801102593154866e+00
8.353299989268268888e+00
8.464082043934535449e+00
8.557983324542323800e+00
8.645702524870136685e+00
8.727316506176430622e+00
8.802929883111437093e+00
8.875228851671806751e+00
8.896568870583049460e+00
8.913883220367960547e+00
8.931236876281785086e+00
8.948629838324517749e+00
8.966062106496158535e+00
8.983533680796709220e+00
9.001044561226171581e+00
9.018594747784545618e+00
9.036184240471827778e+00
9.053813039288019837e+00
9.071481144233123572e+00
9.089188555307135431e+00
9.106935272510060742e+00
9.124721295841894175e+00
9.142546625302637509e+00
9.160411260892290741e+00
9.178315202610855650e+00
9.196258450458326905e+00
9.214241004434711613e+00
9.232262864540006220e+00
9.250324030774210726e+00
9.268424503137326909e+00
9.286564281629349438e+00
9.304743366250283643e+00
9.322961757000127747e+00
9.341219453878883527e+00
9.359516456886547431e+00
9.377852766023123010e+00
9.396228381288610265e+00
9.414643302683007420e+00
9.433097530206310921e+00
9.451591063858526098e+00
9.470123903639651175e+00
9.488696049549689704e+00
9.507307501588634580e+00
9.525958259756492907e+00
9.544648324053257582e+00
9.563377694478933932e+00
9.582146371033520182e+00
9.600954353717016332e+00
9.619801642529424157e+00
9.638688237470740106e+00
9.657614138540967730e+00
9.676579345740103477e+00
9.695583859068152677e+00
9.714627678525108223e+00
9.733710804110978998e+00
9.752833235825752567e+00
9.771994973669443141e+00
9.791196017642041838e+00
9.810436367743546882e+00
9.829716023973967154e+00
9.849034986333295549e+00
9.868393254821533844e+00
9.887790829438682039e+00
9.907227710184741909e+00
9.926703897059709902e+00
9.946219390063587795e+00
9.951071851822774761e+00
9.951342928451870407e+00
9.952232224415274331e+00
9.952158296482346955e+00
9.950320038347008733e+00
9.951448283893306268e+00
9.980982318271120590e+00
1.002062868369351634e+01
1.006035363457760390e+01
1.010015717092338150e+01
1.014003929273084559e+01
1.018000000000000149e+01
