1.999999999999990880e-04
2.539999999999999897e-02
5.700000000000000205e-02
1.032000000000000139e-01
1.559999999999999998e-01
1.994000000000000217e-01
2.398000000000000131e-01
2.833999999999999853e-01
3.288000000000000367e-01
3.780000000000000027e-01
4.285999999999999810e-01
4.773999999999999910e-01
5.252000000000000002e-01
5.700000000000000622e-01
6.138000000000000123e-01
6.575999999999999623e-01
7.018000000000002014e-01
7.471999999999999753e-01
7.940000000000000391e-01
8.414000000000000368e-01
8.888000000000000345e-01
9.365999999999999881e-01
9.834000000000001629e-01
1.030800000000000161e+00
1.078799999999999981e+00
1.126800000000000024e+00
1.174800000000000066e+00
1.222399999999999931e+00
1.270000000000000018e+00
1.316400000000000237e+00
1.361800000000000122e+00
1.406600000000000072e+00
1.452400000000000135e+00
1.497200000000000308e+00
1.541600000000000081e+00
1.585400000000000142e+00
1.628000000000000114e+00
1.668000000000000149e+00
1.705000000000000293e+00
1.738800000000000345e+00
1.768800000000000372e+00
1.794400000000000217e+00
1.814999999999999947e+00
1.833999999999999853e+00
1.852800000000000002e+00
1.869600000000000151e+00
1.883199999999999985e+00
1.895000000000000018e+00
1.905000000000000027e+00
1.910400000000000098e+00
1.916799999999999837e+00
1.923399999999999999e+00
1.934600000000000097e+00
1.943800000000000194e+00
1.954400000000000137e+00
1.965400000000000258e+00
1.976000000000000423e+00
1.986400000000000388e+00
1.997200000000000308e+00
2.009599999999999831e+00
2.018200000000000216e+00
2.030000000000000249e+00
2.041799999999999837e+00
2.055800000000000072e+00
2.068799999999999972e+00
2.086199999999999832e+00
2.103800000000000114e+00
2.120600000000000041e+00
2.138600000000000279e+00
2.157200000000000006e+00
2.175000000000000266e+00
2.192200000000000149e+00
2.210600000000000342e+00
2.228600000000000136e+00
2.247600000000000264e+00
2.265800000000000036e+00
2.286000000000000476e+00
2.302799999999999958e+00
2.318799999999999972e+00
2.334000000000000075e+00
2.349000000000000199e+00
2.362800000000000011e+00
2.376400000000000290e+00
2.389000000000000234e+00
2.401400000000000201e+00
2.412400000000000322e+00
2.424399999999999888e+00
2.436399999999999899e+00
2.449000000000000288e+00
2.461000000000000298e+00
2.475000000000000089e+00
2.486400000000000166e+00
2.500600000000000378e+00
2.512400000000000411e+00
2.525600000000000733e+00
2.535400000000000542e+00
2.547200000000000131e+00
2.557600000000000318e+00
2.571200000000000152e+00
2.584200000000000053e+00
2.601400000000000379e+00
2.619400000000000173e+00
2.639600000000000168e+00
2.660400000000000098e+00
2.684000000000000163e+00
2.708400000000000141e+00
2.735200000000000298e+00
2.763000000000000345e+00
2.796400000000000219e+00
2.836000000000000298e+00
2.881600000000000161e+00
2.936599999999999877e+00
3.002799999999999692e+00
3.077200000000000379e+00
3.149600000000000399e+00
3.210399999999999920e+00
3.249000000000000110e+00
3.254000000000000448e+00
3.223200000000000287e+00
3.190599999999999881e+00
3.148000000000000131e+00
3.113399999999999945e+00
3.075200000000000156e+00
3.068999999999999950e+00
3.020199999999999996e+00
3.008799999999999919e+00
3.028799999999999937e+00
3.059200000000000141e+00
3.035800000000000054e+00
3.078000000000000291e+00
3.117000000000000437e+00
3.096200000000000507e+00
3.079600000000000559e+00
3.130800000000000693e+00
3.167000000000000703e+00
3.164400000000000546e+00
3.196600000000000108e+00
3.269800000000000484e+00
3.333400000000000141e+00
3.392200000000000326e+00
3.473800000000000221e+00
3.546600000000000197e+00
3.581800000000000317e+00
3.604800000000000004e+00
3.619400000000000173e+00
3.630800000000000249e+00
3.644400000000000084e+00
3.661000000000000032e+00
3.672800000000000065e+00
3.682800000000000296e+00
3.688400000000000567e+00
3.693200000000000927e+00
3.696800000000000530e+00
3.700000000000000622e+00
3.704200000000000159e+00
3.714599999999999902e+00
3.730000000000000426e+00
3.752000000000000224e+00
3.778800000000000381e+00
3.809200000000000585e+00
3.839599999999999902e+00
3.871999999999999886e+00
3.906400000000000539e+00
3.942600000000000104e+00
3.981600000000000250e+00
4.027000000000000135e+00
4.076200000000000045e+00
4.129599999999999937e+00
4.187800000000001077e+00
4.250000000000000888e+00
4.313200000000000145e+00
4.378000000000000114e+00
4.445400000000000240e+00
4.515600000000000946e+00
4.587200000000000166e+00
4.655800000000000161e+00
4.718799999999999883e+00
4.771399999999999864e+00
4.813399999999999679e+00
4.844599999999999795e+00