6.150359969208231241e-03
5.969400309414273770e-02
1.123920574106655468e-01
1.642537353430453817e-01
2.152882493155509613e-01
2.655048117524509976e-01
3.149126350780141470e-01
3.635209317165092879e-01
4.113389140922049658e-01
4.583757946293700036e-01
5.046407857522730023e-01
5.501430998851829512e-01
5.948919494523682294e-01
6.388965468780978263e-01
6.821661045866402873e-01
7.247098350022644908e-01
7.665369505492388713e-01
8.076566636518324183e-01
8.480781867343137881e-01
8.878107322209517482e-01
9.268635125360149551e-01
9.652457401037718432e-01
1.002966627348491624e+00
1.040035386694442954e+00
1.076461230565894045e+00
1.112253371387114109e+00
1.147421021582371470e+00
1.181973393575935560e+00
1.215919699792074482e+00
1.249269152655057002e+00
1.282030964589151889e+00
1.314214348018627909e+00
1.345828515367754052e+00
1.376882679060798420e+00
1.407386051522030446e+00
1.437347845175718231e+00
1.466777272446130542e+00
1.495683545757536592e+00
1.524075877534204482e+00
1.551963480200403644e+00
1.579355566180402626e+00
1.606261347898469527e+00
1.632690037778873338e+00
1.658650848245883047e+00
1.684152991723767423e+00
1.709205680636795011e+00
1.733818127409234577e+00
1.757999544465354003e+00
1.781759144229423608e+00
1.805106139125711051e+00
1.828049741578485543e+00
1.850599164012015407e+00
1.872763618850568967e+00
1.894552318518416101e+00
1.915974475439824687e+00
1.937039302039063493e+00
1.957756010740401953e+00
1.978133813968107280e+00
1.998181924146449795e+00
2.017909553699697600e+00
2.037325915052119463e+00
2.056440220627983706e+00
2.075261682851559097e+00
2.093799514147115293e+00
2.112062926938920171e+00
2.130061133651242500e+00
2.147803346708351047e+00
2.165298778534514135e+00
2.182556641554001420e+00
2.199586148191081669e+00
2.216396510870022318e+00
2.232996942015093023e+00
2.249396654050562105e+00
2.265604859400699223e+00
2.281630770489771809e+00
2.297483599742049520e+00
2.313172559581800236e+00
2.328706862433293612e+00
2.344095720720797527e+00
2.359348346868580748e+00
2.374473953300913376e+00
2.389481752442061513e+00
2.404380956716297035e+00
2.419180778547886046e+00
2.433890430361098645e+00
2.448519124580203599e+00
2.463076073629468343e+00
2.477570489933163422e+00
2.492011585915555827e+00
2.506408574000914768e+00
2.520770666613509903e+00
2.535107076177609109e+00
2.549427015117482043e+00
2.563739695857394807e+00
2.578054330821618834e+00
2.592380132434422890e+00
2.606726313120073968e+00
2.621102085302842610e+00
2.635516661406994476e+00
2.649979253856801442e+00
2.664499075076531831e+00
2.679085337490453078e+00
2.693747253522834839e+00
2.708494035597944105e+00
2.723334896140052308e+00
2.738279047573426439e+00
2.753335702322335266e+00
2.768514072811049331e+00
2.783823371463833851e+00
2.799272810704960257e+00
2.814871602958696428e+00
2.830628960649311576e+00
2.846554096201074913e+00
2.862656222038252096e+00
2.878944550585115003e+00
2.895428294265932845e+00
2.912116665504971280e+00
2.929018876726501297e+00
2.946144140354790775e+00
2.963501668814108481e+00
2.981100674528723626e+00
2.998950369922904091e+00
3.017059967420919531e+00
3.035438679447037380e+00
3.054095718425527739e+00
3.073040296780659819e+00
3.092281626936699723e+00
3.111828921317918883e+00
3.131691392348583847e+00
3.151878252452964269e+00
3.172398714055330249e+00
3.193261989579948334e+00
3.214477291451088181e+00
3.236053832093018112e+00
3.258000823930008227e+00
3.280327479386325962e+00
3.303043010886238751e+00
3.326156630854018914e+00
3.349677551713932111e+00
3.373614985890247553e+00
3.397978145807235784e+00
3.422776243889162906e+00
3.448018492560299464e+00
3.473714104244914225e+00
3.499872291367274180e+00
3.526502266351648984e+00
3.553613241622309182e+00
3.581214429603521765e+00
3.609315042719552835e+00
3.637924293394676489e+00
3.667051394053158830e+00
3.696705557119267738e+00
3.726895995017271979e+00
3.757631920171442097e+00
3.788922545006045084e+00
3.820777081945348819e+00
3.853204743413627398e+00
3.886214741835143371e+00
3.919816289634167283e+00
3.954018599234967901e+00
3.988830883061816657e+00
4.024262353538979653e+00
4.060322223090722105e+00
4.097019704141319885e+00
4.134364009115039096e+00
4.172364350436144953e+00
4.211029940528910664e+00
4.250369991817604998e+00
4.290393716726490503e+00
4.331110327679843053e+00
4.372529037101929639e+00
4.414659057417016363e+00
4.457509601049372883e+00
4.501089880423268852e+00
4.545409107962973039e+00
4.590476496092753322e+00
4.636301257236880247e+00
4.682892603819622579e+00
4.730259748265243758e+00
4.778411902998017879e+00
