5.199391037446279284e-01
5.416573012198586667e-01
5.633754986950894050e-01
5.850936961703201433e-01
6.068118936455507706e-01
6.285300911207815089e-01
6.502482885960122472e-01
6.719664860712429855e-01
6.936846835464736127e-01
7.154028810217043510e-01
7.371210784969350893e-01
7.588392759721658276e-01
7.805574734473965659e-01
8.022756709226273042e-01
8.239938683978580425e-01
8.457120658730886698e-01
8.674302633483194080e-01
8.891484608235501463e-01
9.108666582987807736e-01
9.325848557740115119e-01
9.543030532492422502e-01
9.760212507244729885e-01
9.977394481997037268e-01
1.019457645674934465e+00
1.041175843150165203e+00
1.062894040625395942e+00
1.084612238100626680e+00
1.106330435575857418e+00
1.128048633051088157e+00
1.149766830526318895e+00
1.171485028001549411e+00
1.193203225476780149e+00
1.214921422952010888e+00
1.236639620427241626e+00
1.258357817902472364e+00
1.280076015377702880e+00
1.301794212852933619e+00
1.323512410328164357e+00
1.345230607803395095e+00
1.366948805278625834e+00
1.388667002753856572e+00
1.410385200229087310e+00
1.432103397704318049e+00
1.453821595179548787e+00
1.475539792654779525e+00
1.497257990130010263e+00
1.518976187605241002e+00
1.540694385080471740e+00
1.562412582555702478e+00
1.584130780030932995e+00
1.605848977506163733e+00
1.627567174981394471e+00
1.649285372456625209e+00
1.671003569931855948e+00
1.692721767407086686e+00
1.714439964882317424e+00
1.736158162357548163e+00
1.757876359832778901e+00
1.779594557308009639e+00
1.801312754783240155e+00
1.823030952258470894e+00
1.844749149733701632e+00
1.866467347208932370e+00
1.888185544684163109e+00
1.909903742159393847e+00
1.931621939634624585e+00
1.953340137109855323e+00
1.975058334585086062e+00
1.996776532060316800e+00
2.018494729535547538e+00
2.040212927010777832e+00
2.061931124486008571e+00
2.083649321961239309e+00
2.105367519436470047e+00
2.127085716911700786e+00
2.148803914386931524e+00
2.170522111862162262e+00
2.192240309337393001e+00
2.213958506812623739e+00
2.235676704287854477e+00
2.257394901763085215e+00
2.279113099238315954e+00
2.300831296713546692e+00
2.322549494188777430e+00
2.344267691664008169e+00
2.365985889139238907e+00
2.387704086614469645e+00
2.409422284089700383e+00
2.431140481564931122e+00
2.452858679040161860e+00
2.474576876515392598e+00
2.496295073990623337e+00
2.518013271465854075e+00
2.539731468941084813e+00
2.561449666416315551e+00
2.583167863891546290e+00
2.604886061366777028e+00
2.626604258842007322e+00
2.648322456317238061e+00
2.670040653792468799e+00
2.691758851267699537e+00
2.713477048742930275e+00
2.735195246218161014e+00
2.756913443693391752e+00
2.778631641168622490e+00
2.800349838643853229e+00
2.822068036119083967e+00
2.843786233594314705e+00
2.865504431069545443e+00
2.887222628544776182e+00
2.908940826020006920e+00
2.930659023495237658e+00
2.952377220970468397e+00
2.974095418445699135e+00
2.995813615920929873e+00
3.017531813396160612e+00
3.039250010871391350e+00
3.060968208346622088e+00
3.082686405821852382e+00
3.104404603297083121e+00
3.126122800772313859e+00
3.147840998247544597e+00
3.169559195722775335e+00
3.191277393198006074e+00
3.212995590673236812e+00
3.234713788148467550e+00
3.256431985623698289e+00
3.278150183098929027e+00
3.299868380574159765e+00
3.321586578049390504e+00
3.343304775524621242e+00
3.365022972999851980e+00
3.386741170475082718e+00
3.408459367950313457e+00
3.430177565425544195e+00
3.451895762900774933e+00
3.473613960376005672e+00
3.495332157851236410e+00
3.517050355326467148e+00
3.538768552801697442e+00
3.560486750276928181e+00
3.582204947752158919e+00
3.603923145227389657e+00
3.625641342702620395e+00
3.647359540177851134e+00
3.669077737653081872e+00
3.690795935128312610e+00
3.712514132603543349e+00
3.734232330078774087e+00
3.755950527554004825e+00
3.777668725029235564e+00
3.799386922504466302e+00
3.821105119979697040e+00
3.842823317454927778e+00
3.864541514930158517e+00
3.886259712405389255e+00
3.907977909880619993e+00
3.929696107355850732e+00
3.951414304831081470e+00
3.973132502306312208e+00
3.994850699781542502e+00
4.016568897256773241e+00
4.038287094732003979e+00
4.060005292207234717e+00
4.081723489682465456e+00
4.103441687157696194e+00
4.125159884632926932e+00
4.146878082108157670e+00
4.168596279583388409e+00
4.190314477058619147e+00
4.212032674533849885e+00
4.233750872009080624e+00
4.255469069484311362e+00
4.277187266959542100e+00
4.298905464434772838e+00
4.320623661910003577e+00
4.342341859385234315e+00
4.364060056860465053e+00
4.385778254335695792e+00
4.407496451810926530e+00
