-7.089875995000764763e-02
-1.364326748467503334e-02
4.268692057746527324e-02
9.810169195748369431e-02
1.526109343764506798e-01
2.062245355554365445e-01
2.589523832155117833e-01
3.108043650777468914e-01
3.617903688632121417e-01
4.119202822929781127e-01
4.612039930881150496e-01
5.096513889696934196e-01
5.572723576587836902e-01
6.040767868764562731e-01
6.500745643437815247e-01
6.952755777818300231e-01
7.396897149116719028e-01
7.833268634543778530e-01
8.261969111310183411e-01
8.683097456626632793e-01
9.096752547703839120e-01
9.503033261752497074e-01
9.902038475983320209e-01
1.029386706760700321e+00
1.067861791383426073e+00
1.105638989187578858e+00
1.142728187894229475e+00
1.179139275224448280e+00
1.214882138899305408e+00
1.249966666639871660e+00
1.284402746167217391e+00
1.318200265202412957e+00
1.351369111466528938e+00
1.383919172680635468e+00
1.415860336565803124e+00
1.447202490843102041e+00
1.477955523233603463e+00
1.508129321458376415e+00
1.537733773238492807e+00
1.566778766295022329e+00
1.595274188349035338e+00
1.623229927121601968e+00
1.650655870333793462e+00
1.677561905706679957e+00
1.703957920961331585e+00
1.729853803818818259e+00
1.755259442000211889e+00
1.780184723226581944e+00
1.804639535218998780e+00
1.828633765698532976e+00
1.852177302386254665e+00
1.875280033003235092e+00
1.897951845270543947e+00
1.920202626909251808e+00
1.942042265640429033e+00
1.963480649185146421e+00
1.984527665264474106e+00
2.005193201599482222e+00
2.025487145911241349e+00
2.045419385920822286e+00
2.064999809349295390e+00
2.084238303917731017e+00
2.103144757347198635e+00
2.121729057358770376e+00
2.140001091673515266e+00
2.157970748012504547e+00
2.175647914096808577e+00
2.193042477647496380e+00
2.210164326385640532e+00
2.227023348032310057e+00
2.243629430308575756e+00
2.259992460935508429e+00
2.276122327634177545e+00
2.292028918125653902e+00
2.307722120131008303e+00
2.323211821371311547e+00
2.338507909567633103e+00
2.353620272441043770e+00
2.368558797712614350e+00
2.383333373103414310e+00
2.397953886334514895e+00
2.412430225126986016e+00
2.426772277201897587e+00
2.440989930280321740e+00
2.455093072083327943e+00
2.469091590331986552e+00
2.482995372747367924e+00
2.496814307050542414e+00
2.510558280962580824e+00
2.524237182204553509e+00
2.537860898497529938e+00
2.551439317562581799e+00
2.564982327120779004e+00
2.578499814893191910e+00
2.592001668600891762e+00
2.605497775964947138e+00
2.618998024706431060e+00
2.632512302546411664e+00
2.646050497205959751e+00
2.659622496406146119e+00
2.673238187868041571e+00
2.686907459312715574e+00
2.700640198461240260e+00
2.714446293034683766e+00
2.728335630754118668e+00
2.742318099340613990e+00
2.756403586515240534e+00
2.770601979999068654e+00
2.784923167513168707e+00
2.799377036778611050e+00
2.813973475516467371e+00
2.828722371447806250e+00
2.843633612293699375e+00
2.858717085775216216e+00
2.873982679613427571e+00
2.889440281529403798e+00
2.905099779244215696e+00
2.920971060478933623e+00
2.937064012954627046e+00
2.953388524392367653e+00
2.969954482513225802e+00
2.986771775038271848e+00
3.003850289688574815e+00
3.021199914185206836e+00
3.038830536249236047e+00
3.056752043601735913e+00
3.074974323963775458e+00
3.093507265056424149e+00
3.112360754600754120e+00
3.131544680317835283e+00
3.151068929928736662e+00
3.170943391154529500e+00
3.191177951716286820e+00
3.211782499335072760e+00
3.232766921731964338e+00
3.254141106628028801e+00
3.275914941744337838e+00
3.298098314801960917e+00
3.320701113521967507e+00
3.343733225625429739e+00
3.367204538833416194e+00
3.391124940867000781e+00
3.415504319447250303e+00
3.440352562295236893e+00
3.465679557132030908e+00
3.491495191678700927e+00
3.517809353656319971e+00
3.544631930785958396e+00
3.571972810788684782e+00
3.599841881385572151e+00
3.628249030297687305e+00
3.657204145246103266e+00
3.686717113951888614e+00
3.716797824136116368e+00
3.747456163519853334e+00
3.778702019824173419e+00
3.810545280770146093e+00
3.842995834078839934e+00
3.876063567471329740e+00
3.909758368668679651e+00
3.944090125391965351e+00
3.979068725362252756e+00
4.014704056300618440e+00
4.051006005928127429e+00
4.087984461965850969e+00
4.125649312134862079e+00
4.164010444156228452e+00
4.203077745751023997e+00
4.242861104640313741e+00
4.283370408545173369e+00
4.324615545186668797e+00
4.366606402285873045e+00
4.409352867563857359e+00
4.452864828741690317e+00
4.497152173540444053e+00
4.542224789681187147e+00
4.588092564884991731e+00
4.634765386872924608e+00
4.682253143366061465e+00
4.730565722085467328e+00
