2.820000000000000284e-02
3.820000000000000479e-02
5.920000000000000262e-02
8.360000000000000764e-02
1.118000000000000105e-01
1.540000000000000258e-01
2.092000000000000248e-01
2.630000000000000115e-01
3.158000000000000251e-01
3.676000000000000378e-01
4.210000000000000409e-01
4.707999999999999963e-01
5.181999999999999940e-01
5.698000000000000842e-01
6.182000000000000828e-01
6.653999999999999915e-01
7.062000000000000499e-01
7.540000000000001146e-01
7.944000000000001060e-01
8.378000000000001002e-01
8.776000000000000467e-01
9.276000000000000911e-01
9.748000000000001108e-01
1.028800000000000159e+00
1.086000000000000076e+00
1.145000000000000018e+00
1.197999999999999954e+00
1.252000000000000002e+00
1.303600000000000092e+00
1.350400000000000045e+00
1.399399999999999977e+00
1.446600000000000108e+00
1.491200000000000303e+00
1.532800000000000162e+00
1.572400000000000242e+00
1.603600000000000136e+00
1.632600000000000051e+00
1.654200000000000337e+00
1.673400000000000443e+00
1.687000000000000277e+00
1.702400000000000357e+00
1.716800000000000104e+00
1.732599999999999918e+00
1.748000000000000220e+00
1.765800000000000036e+00
1.779600000000000071e+00
1.794999999999999929e+00
1.809800000000000075e+00
1.822400000000000020e+00
1.831600000000000117e+00
1.842600000000000016e+00
1.853400000000000158e+00
1.864399999999999835e+00
1.877200000000000202e+00
1.894600000000000284e+00
1.913200000000000234e+00
1.930000000000000382e+00
1.949800000000000200e+00
1.966800000000000104e+00
1.982399999999999940e+00
1.996199999999999974e+00
2.011200000000000099e+00
2.023000000000000131e+00
2.037200000000000344e+00
2.051800000000000068e+00
2.067200000000000149e+00
2.083600000000000119e+00
2.099800000000000111e+00
2.119600000000000151e+00
2.138799999999999812e+00
2.160000000000000142e+00
2.181000000000000050e+00
2.206000000000000405e+00
2.223200000000000287e+00
2.241800000000000015e+00
2.255799999999999805e+00
2.273600000000000065e+00
2.287800000000000278e+00
2.307200000000000362e+00
2.322800000000000420e+00
2.338600000000000012e+00
2.348200000000000287e+00
2.355599999999999916e+00
2.364800000000000235e+00
2.373600000000000154e+00
2.387000000000000011e+00
2.398000000000000131e+00
2.411200000000000010e+00
2.420599999999999863e+00
2.433600000000000207e+00
2.444000000000000394e+00
2.457800000000000207e+00
2.471200000000000063e+00
2.485600000000000254e+00
2.497800000000000242e+00
2.511400000000000077e+00
2.521600000000000286e+00
2.531600000000000072e+00
2.542800000000000615e+00
2.556600000000000428e+00
2.569999999999999840e+00
2.588400000000000034e+00
2.609000000000000430e+00
2.630000000000000338e+00
2.650800000000000711e+00
2.673200000000000465e+00
2.693000000000000060e+00
2.713999999999999968e+00
2.735200000000000298e+00
2.759000000000000341e+00
2.783999999999999808e+00
2.812999999999999723e+00
2.844000000000000306e+00
2.878000000000000114e+00
2.914600000000000524e+00
2.950600000000000112e+00
2.990400000000000169e+00
3.028799999999999937e+00
3.066000000000000281e+00
3.103400000000000158e+00
3.139800000000000146e+00
3.171000000000000263e+00
3.197800000000000420e+00
3.219200000000000284e+00
3.233000000000000096e+00
3.227600000000000247e+00
3.222800000000000331e+00
3.193599999999999994e+00
3.191000000000000281e+00
3.158000000000000362e+00
3.171800000000000175e+00
3.166400000000000325e+00
3.198999999999999844e+00
3.188400000000000567e+00
3.238599999999999923e+00
3.259199999999999875e+00
3.291600000000000303e+00
3.321000000000000174e+00
3.370800000000000463e+00
3.394800000000000040e+00
3.421800000000000175e+00
3.475800000000000001e+00
3.518399999999999750e+00
3.555200000000000138e+00
3.584000000000000075e+00
3.612600000000000477e+00
3.625000000000000444e+00
3.643200000000000216e+00
3.664800000000000502e+00
3.691399999999999793e+00
3.714999999999999858e+00
3.735000000000000320e+00
3.749000000000000554e+00
3.765000000000000568e+00
3.784400000000000652e+00
3.803400000000000336e+00
3.821000000000000618e+00
3.841199999999999726e+00
3.861200000000000188e+00
3.880200000000000315e+00
3.903200000000000003e+00
3.928400000000000336e+00
3.955600000000000005e+00
3.984800000000000342e+00
4.016799999999999926e+00
4.050600000000000200e+00
4.086600000000000676e+00
4.125200000000000422e+00
4.168400000000000105e+00
4.216000000000000192e+00
4.269199999999999662e+00
4.325200000000000600e+00
4.383400000000000851e+00
4.442200000000000593e+00
4.501200000000000756e+00
4.555000000000000604e+00
4.608399999999999608e+00
4.658800000000000274e+00
4.704600000000001003e+00
4.746199999999999974e+00