-1.404308965837882707e-02
3.985375531405278837e-02
9.290770077441726227e-02
1.451278115376867239e-01
1.965231524188332801e-01
2.471027882328291070e-01
2.968757837946462974e-01
3.458512039192569443e-01
3.940381134216331960e-01
4.414455771167472564e-01
4.880826598195710520e-01
5.339584263450769530e-01
5.790819415082369970e-01
6.234622701240233322e-01
6.671084770074079406e-01
7.100296269733630261e-01
7.522347848368609036e-01
7.937330154128734439e-01
8.345333835163728509e-01
8.746449539623313285e-01
9.140767915657209697e-01
9.528379611415138672e-01
9.909375275046823361e-01
1.028384555470198025e+00
1.065188109853033582e+00
1.101357255468160545e+00
1.136901057130551784e+00
1.171828579655178837e+00
1.206148887857014351e+00
1.239871046551029865e+00
1.273004120552197804e+00
1.305557174675490373e+00
1.337539273735879553e+00
1.368959482548337547e+00
1.399826865927836561e+00
1.430150488689348354e+00
1.459939415647845573e+00
1.489202711618299979e+00
1.517949441415683332e+00
1.546188669854969167e+00
1.573929461751128134e+00
1.601180881919133325e+00
1.627951995173955835e+00
1.654251866330568754e+00
1.680089560203944066e+00
1.705474141609053085e+00
1.730414675360869570e+00
1.754920226274363726e+00
1.778999859164508868e+00
1.802662638846276755e+00
1.825917630134639591e+00
1.848773897844569802e+00
1.871240506791038927e+00
1.893326521789019390e+00
1.915041007653483174e+00
1.936393029199402704e+00
1.957391651241750186e+00
1.978045938595497155e+00
1.998364956075616483e+00
2.018357768497079707e+00
2.038033440674858809e+00
2.057401037423926660e+00
2.076469623559254796e+00
2.095248263895815644e+00
2.113746023248581185e+00
2.131971966432523402e+00
2.149935158262615165e+00
2.167644663553827566e+00
2.185109547121133033e+00
2.202338873779504436e+00
2.219341708343912423e+00
2.236127115629331197e+00
2.252704160450730519e+00
2.269081907623085037e+00
2.285269421961364955e+00
2.301275768280543144e+00
2.317110011395590696e+00
2.332781216121481815e+00
2.348298447273187151e+00
2.363670769665679128e+00
2.378907248113928841e+00
2.394016947432910492e+00
2.409008932437595174e+00
2.423892267942953982e+00
2.438676018763961117e+00
2.453369249715587674e+00
2.467981025612804746e+00
2.482520411270586091e+00
2.496996471503903692e+00
2.511418271127728641e+00
2.525794874957033365e+00
2.540135347806790733e+00
2.554448754491972728e+00
2.568744159827550000e+00
2.583030628628496750e+00
2.597317225709783628e+00
2.611613015886383948e+00
2.625927063973268361e+00
2.640268434785410179e+00
2.654646193137781829e+00
2.669069403845353072e+00
2.683547131723099000e+00
2.698088441585991148e+00
2.712702398248998836e+00
2.727398066527098486e+00
2.742184511235259414e+00
2.757070797188454048e+00
2.772065989201654368e+00
2.787179152089834133e+00
2.802419350667963993e+00
2.817795649751015929e+00
2.833317114153963701e+00
2.848992808691777512e+00
2.864831798179429789e+00
2.880843147431893403e+00
2.897035921264140779e+00
2.913419184491143454e+00
2.930002001927872524e+00
2.946793438389302633e+00
2.963802558690403544e+00
2.981038427646147682e+00
2.998510110071509693e+00
3.016226670781458896e+00
3.034197174590967716e+00
3.052430686315009467e+00
3.070936270768555687e+00
3.089722992766578358e+00
3.108799917124049461e+00
3.128176108655941867e+00
3.147860632177227114e+00
3.167862552502877627e+00
3.188190934447864500e+00
3.208854842827161935e+00
3.229863342455740582e+00
3.251225498148572424e+00
3.272950374720629885e+00
3.295047036986885836e+00
3.317524549762311814e+00
3.340391977861879358e+00
3.363658386100561337e+00
3.387332839293328846e+00
3.411424402255157418e+00
3.435942139801014150e+00
3.460895116745875022e+00
3.486292397904708906e+00
3.512143048092491782e+00
3.538456132124193410e+00
3.565240714814785328e+00
3.592505860979240850e+00
3.620260635432532403e+00
3.648514102989632413e+00
3.677275328465510640e+00
3.706553376675140399e+00
3.736357312433496780e+00
3.766696200555547769e+00
3.797579105856265791e+00
3.829015093150626825e+00
3.861013227253598856e+00
3.893582572980156975e+00
3.926732195145270055e+00
3.960471158563911409e+00
3.994808528051056129e+00
4.029753368421673088e+00
4.065314744490733823e+00
4.101501721073215201e+00
4.138323362984084319e+00
4.175788735038314492e+00
4.213906902050879033e+00
4.252686928836749480e+00
4.292137880210897372e+00
4.332268820988298685e+00
4.373088815983918742e+00
4.414606930012733521e+00
4.456832227889715448e+00
4.499773774429836060e+00
4.543440634448069559e+00
4.587841872759383932e+00
4.632986554178753380e+00
4.678883743521149441e+00
4.725542505601545429e+00
