5.271874923265804647e-01
5.488192739144895915e-01
5.704510555023986074e-01
5.920828370903077342e-01
6.137146186782168611e-01
6.353464002661258769e-01
6.569781818540350038e-01
6.786099634419440196e-01
7.002417450298531465e-01
7.218735266177622734e-01
7.435053082056712892e-01
7.651370897935804161e-01
7.867688713814895429e-01
8.084006529693985588e-01
8.300324345573076856e-01
8.516642161452168125e-01
8.732959977331258283e-01
8.949277793210349552e-01
9.165595609089440821e-01
9.381913424968530979e-01
9.598231240847622248e-01
9.814549056726713516e-01
1.003086687260580367e+00
1.024718468848489383e+00
1.046350250436398621e+00
1.067982032024307637e+00
1.089613813612216653e+00
1.111245595200125891e+00
1.132877376788034907e+00
1.154509158375943922e+00
1.176140939963853160e+00
1.197772721551762176e+00
1.219404503139671192e+00
1.241036284727580430e+00
1.262668066315489446e+00
1.284299847903398462e+00
1.305931629491307699e+00
1.327563411079216715e+00
1.349195192667125731e+00
1.370826974255034969e+00
1.392458755842943985e+00
1.414090537430853001e+00
1.435722319018762239e+00
1.457354100606671254e+00
1.478985882194580270e+00
1.500617663782489508e+00
1.522249445370398524e+00
1.543881226958307540e+00
1.565513008546216778e+00
1.587144790134125794e+00
1.608776571722034809e+00
1.630408353309944047e+00
1.652040134897853063e+00
1.673671916485762079e+00
1.695303698073671317e+00
1.716935479661580333e+00
1.738567261249489349e+00
1.760199042837398586e+00
1.781830824425307602e+00
1.803462606013216618e+00
1.825094387601125856e+00
1.846726169189034872e+00
1.868357950776943888e+00
1.889989732364853126e+00
1.911621513952762141e+00
1.933253295540671157e+00
1.954885077128580395e+00
1.976516858716489411e+00
1.998148640304398427e+00
2.019780421892307665e+00
2.041412203480216903e+00
2.063043985068125696e+00
2.084675766656034934e+00
2.106307548243943728e+00
2.127939329831852966e+00
2.149571111419762204e+00
2.171202893007671442e+00
2.192834674595580235e+00
2.214466456183489473e+00
2.236098237771398267e+00
2.257730019359307505e+00
2.279361800947216743e+00
2.300993582535125981e+00
2.322625364123034775e+00
2.344257145710944013e+00
2.365888927298852806e+00
2.387520708886762044e+00
2.409152490474671282e+00
2.430784272062580520e+00
2.452416053650489314e+00
2.474047835238398552e+00
2.495679616826307345e+00
2.517311398414216583e+00
2.538943180002125821e+00
2.560574961590034615e+00
2.582206743177943853e+00
2.603838524765853091e+00
2.625470306353761885e+00
2.647102087941671122e+00
2.668733869529580360e+00
2.690365651117489154e+00
2.711997432705398392e+00
2.733629214293307630e+00
2.755260995881216424e+00
2.776892777469125662e+00
2.798524559057034899e+00
2.820156340644943693e+00
2.841788122232852931e+00
2.863419903820762169e+00
2.885051685408670963e+00
2.906683466996580201e+00
2.928315248584489439e+00
2.949947030172398232e+00
2.971578811760307470e+00
2.993210593348216708e+00
3.014842374936125502e+00
3.036474156524034740e+00
3.058105938111943978e+00
3.079737719699852772e+00
3.101369501287762009e+00
3.123001282875671247e+00
3.144633064463580041e+00
3.166264846051489279e+00
3.187896627639398517e+00
3.209528409227307311e+00
3.231160190815216549e+00
3.252791972403125786e+00
3.274423753991034580e+00
3.296055535578943818e+00
3.317687317166853056e+00
3.339319098754761850e+00
3.360950880342671088e+00
3.382582661930580326e+00
3.404214443518489119e+00
3.425846225106398357e+00
3.447478006694307595e+00
3.469109788282216389e+00
3.490741569870125627e+00
3.512373351458034865e+00
3.534005133045943658e+00
3.555636914633852896e+00
3.577268696221762134e+00
3.598900477809670928e+00
3.620532259397580166e+00
3.642164040985489404e+00
3.663795822573398198e+00
3.685427604161307436e+00
3.707059385749216673e+00
3.728691167337125467e+00
3.750322948925034705e+00
3.771954730512943943e+00
3.793586512100852737e+00
3.815218293688761975e+00
3.836850075276671213e+00
3.858481856864580006e+00
3.880113638452489244e+00
3.901745420040398482e+00
3.923377201628307276e+00
3.945008983216216514e+00
3.966640764804125752e+00
3.988272546392034545e+00
4.009904327979944227e+00
4.031536109567852577e+00
4.053167891155761815e+00
4.074799672743671053e+00
4.096431454331580291e+00
4.118063235919489529e+00
4.139695017507397878e+00
4.161326799095308004e+00
4.182958580683216354e+00
4.204590362271125592e+00
4.226222143859034830e+00
4.247853925446943180e+00
4.269485707034853306e+00
4.291117488622761655e+00
4.312749270210670893e+00
4.334381051798580131e+00
4.356012833386489369e+00
4.377644614974398607e+00
4.399276396562306957e+00
