2.400000000000000050e-02
4.649999999999999967e-02
7.850000000000000033e-02
1.177500000000000074e-01
1.559999999999999998e-01
1.992500000000000104e-01
2.492500000000000271e-01
2.964999999999999858e-01
3.487500000000000044e-01
4.014999999999999680e-01
4.450000000000000067e-01
4.912499999999999645e-01
5.332500000000000018e-01
5.797499999999999876e-01
6.282499999999999751e-01
6.697499999999999565e-01
7.207500000000000018e-01
7.620000000000000107e-01
8.067500000000000782e-01
8.552500000000000657e-01
8.997500000000000497e-01
9.507499999999999840e-01
9.982499999999999707e-01
1.046250000000000124e+00
1.091499999999999915e+00
1.139000000000000012e+00
1.187250000000000139e+00
1.233750000000000124e+00
1.283000000000000140e+00
1.326999999999999957e+00
1.371500000000000163e+00
1.416749999999999954e+00
1.460999999999999854e+00
1.501500000000000057e+00
1.546750000000000069e+00
1.591749999999999776e+00
1.628249999999999975e+00
1.669249999999999901e+00
1.703500000000000014e+00
1.729750000000000121e+00
1.760499999999999954e+00
1.783499999999999863e+00
1.801499999999999879e+00
1.818499999999999783e+00
1.829250000000000043e+00
1.841000000000000192e+00
1.850249999999999950e+00
1.853499999999999925e+00
1.861250000000000071e+00
1.863750000000000018e+00
1.865000000000000213e+00
1.873750000000000027e+00
1.878750000000000142e+00
1.886249999999999982e+00
1.891999999999999904e+00
1.900500000000000078e+00
1.908500000000000085e+00
1.917499999999999982e+00
1.935000000000000053e+00
1.944499999999999895e+00
1.957750000000000101e+00
1.972500000000000142e+00
1.982250000000000068e+00
1.994000000000000217e+00
2.007500000000000284e+00
2.018499999999999961e+00
2.031499999999999861e+00
2.052000000000000046e+00
2.072249999999999925e+00
2.094999999999999751e+00
2.119000000000000217e+00
2.135000000000000231e+00
2.151250000000000107e+00
2.167250000000000121e+00
2.186749999999999972e+00
2.212250000000000050e+00
2.236499999999999932e+00
2.262249999999999872e+00
2.280499999999999972e+00
2.297749999999999737e+00
2.313499999999999890e+00
2.326249999999999929e+00
2.341250000000000053e+00
2.354250000000000398e+00
2.364500000000000046e+00
2.375250000000000306e+00
2.386499999999999844e+00
2.394750000000000156e+00
2.406000000000000139e+00
2.418499999999999872e+00
2.431000000000000050e+00
2.446499999999999897e+00
2.462499999999999911e+00
2.479000000000000092e+00
2.493749999999999911e+00
2.508750000000000036e+00
2.521500000000000075e+00
2.532500000000000195e+00
2.542749999999999844e+00
2.553749999999999964e+00
2.568000000000000060e+00
2.583750000000000213e+00
2.601750000000000007e+00
2.623999999999999666e+00
2.644499999999999851e+00
2.666000000000000369e+00
2.692750000000000199e+00
2.719750000000000334e+00
2.754000000000000004e+00
2.798750000000000071e+00
2.854000000000000092e+00
2.908500000000000085e+00
2.926250000000000018e+00
2.978500000000000369e+00
3.036500000000000199e+00
3.097749999999999559e+00
3.202250000000000263e+00
3.270249999999999879e+00
3.322999999999999954e+00
3.366999999999999993e+00
3.388249999999999762e+00
3.371750000000000025e+00
3.314999999999999947e+00
3.230999999999999872e+00
3.132000000000000561e+00
3.066500000000000004e+00
3.042250000000000121e+00
3.052749999999999631e+00
3.067750000000000199e+00
3.076749999999999652e+00
3.076249999999999929e+00
3.077500000000000124e+00
3.091250000000000497e+00
3.102250000000000174e+00
3.131000000000000227e+00
3.167750000000000288e+00
3.229000000000000092e+00
3.309499999999999886e+00
3.397249999999999659e+00
3.482250000000000068e+00
3.550749999999999851e+00
3.594000000000000306e+00
3.606249999999999734e+00
3.614000000000000323e+00
3.621500000000000163e+00
3.630999999999999783e+00
3.648500000000000298e+00
3.665000000000000036e+00
3.680499999999999883e+00
3.693500000000000227e+00
3.707749999999999879e+00
3.713499999999999801e+00
3.708249999999999602e+00
3.701499999999999790e+00
3.681249999999999911e+00
3.705250000000000377e+00
3.738499999999999712e+00
3.779749999999999943e+00
3.834000000000000075e+00
3.842249999999999943e+00
3.854249999999999954e+00
3.872500000000000053e+00
3.898249999999999993e+00
3.931000000000000050e+00
3.967750000000000110e+00
4.009500000000000064e+00
4.059750000000000192e+00
4.122500000000000497e+00
4.193999999999999950e+00
4.272000000000000242e+00
4.348749999999999893e+00
4.423750000000000071e+00
4.498250000000000526e+00
4.570750000000000313e+00
4.640000000000000568e+00
4.702249999999999375e+00
4.756249999999999645e+00
4.798499999999999766e+00
4.832000000000000739e+00
4.856749999999999901e+00