9.702639401371750162e-16
1.922455252907415146e-02
3.832026825227954903e-02
5.738306499292358115e-02
7.638008245153968256e-02
9.531077906410072298e-02
1.141747741643075187e-01
1.329717215721155088e-01
1.517051179297776720e-01
1.703726813688037911e-01
1.889751742765126696e-01
2.075173528810582146e-01
2.259525086279208228e-01
2.443365292543135947e-01
2.626617990031870353e-01
2.809217962338217411e-01
2.991092906039160004e-01
3.172296113654475280e-01
3.352839950698504046e-01
3.532729520817307067e-01
3.711997488496781017e-01
3.890597721423181277e-01
4.068596604763518587e-01
4.245896371617791654e-01
4.422622333857445520e-01
4.598738156840704305e-01
4.774241996139801936e-01
4.949230199856174406e-01
5.123483559963043499e-01
5.297111445035970201e-01
5.470343857397624854e-01
5.643069069893674738e-01
5.815301866853250790e-01
5.986848096761613336e-01
6.157973634629705373e-01
6.328618134779790960e-01
6.498745973366883977e-01
6.668348438382888377e-01
6.837587235052828838e-01
7.006395872229805866e-01
7.174870081728353943e-01
7.342821528776172224e-01
7.510473308750597043e-01
7.677545542106612997e-01
7.844577309567531964e-01
8.011562666231096808e-01
8.177528380576419842e-01
8.343754791697829409e-01
8.509523802558663919e-01
8.674725613074200092e-01
8.839897083085341833e-01
9.004886255637937209e-01
9.169799259677825498e-01
9.334721154772342988e-01
9.499002619365121136e-01
9.663201590017258535e-01
9.827307092832399116e-01
9.991891953651843572e-01
1.015543267191150401e+00
1.031903853744122301e+00
1.048267759935472165e+00
1.064638677628464203e+00
1.081064041918122332e+00
1.097395278710687094e+00
1.113788157028712478e+00
1.130185720529232052e+00
1.146504987702747558e+00
1.162874945852032438e+00
1.179233419847615982e+00
1.195649931605143435e+00
1.212024976429125989e+00
1.228396797809675922e+00
1.244811128592406391e+00
1.261224547438052124e+00
1.277638169878297925e+00
1.294058800205658777e+00
1.310542291161769013e+00
1.327021328387236299e+00
1.343458681427079471e+00
1.359936401593624389e+00
1.376471598995362644e+00
1.393011793783828889e+00
1.409569355127519685e+00
1.426088345879031882e+00
1.442694056080654708e+00
1.459298046810377558e+00
1.475937410765399971e+00
1.492593050375526698e+00
1.509214993691899931e+00
1.525831824465216702e+00
1.542571608920365156e+00
1.559357937931241889e+00
1.576102055486417575e+00
1.592847466649709887e+00
1.609686625511148828e+00
1.626407047542087980e+00
1.643272121973942346e+00
1.660209681197131637e+00
1.677069154425535835e+00
1.693964996732538308e+00
1.710913981348970658e+00
1.727830225413800269e+00
1.744783515615057734e+00
1.761806071187621558e+00
1.778805637467201883e+00
1.795858559438966218e+00
1.812971391363918494e+00
1.830002884637238036e+00
1.847106313190855831e+00
1.864211363621283812e+00
1.881346905164736238e+00
1.898552907494252207e+00
1.915775338476238376e+00
1.932925601443247210e+00
1.950095605080873984e+00
1.967388892724154514e+00
1.984403318875431754e+00
2.001531692854660704e+00
2.018759340307367367e+00
2.035977970109961177e+00
2.053288310037536757e+00
2.070673115732090785e+00
2.088051730211745394e+00
2.105388729481658228e+00
2.122735537767526104e+00
2.140126882800462038e+00
2.157564084684263417e+00
2.174955695278454115e+00
2.192409430571129025e+00
2.209949370717200878e+00
2.227407362892190434e+00
2.244872797317436941e+00
2.262290527500637527e+00
2.279854957846927377e+00
2.297293111842898305e+00
2.314812395566852921e+00
2.332361249155663785e+00
2.349902674498280497e+00
2.367470332501687036e+00
2.384958702784961915e+00
2.402559213843283636e+00
2.420163344802878758e+00
2.437660161251037128e+00
2.455257596009846388e+00
2.472862572445567952e+00
2.490457148976780832e+00
2.508095108309075894e+00
2.525640673866615060e+00
2.543264862049770425e+00
2.560920096745154861e+00
2.578546926831891462e+00
2.596105087762606622e+00
2.613749764611067672e+00
2.631387390377514901e+00
2.649066184321237305e+00
2.666716979715057168e+00
2.684290967592330990e+00
2.702006073838118194e+00
2.719651220229278188e+00
2.737287815268008462e+00
2.754985441717674011e+00
2.772691967926651291e+00
2.790241195302983535e+00
2.807990823586890006e+00
2.825764411018686140e+00
2.843393346161449120e+00
2.861071210218993688e+00
2.878798650740579834e+00
2.896438694140113235e+00
2.914175335738374173e+00
2.931889650125831359e+00
2.949525772595135820e+00
2.967280155771181427e+00
2.985035551676188170e+00
3.002805981191590146e+00
3.020553726101278258e+00
3.038292082992012144e+00
3.056040249203417769e+00
3.073805191255443159e+00
3.091557114182517108e+00
3.109406818168696685e+00
3.127199610149439035e+00
3.144945841810421694e+00
3.162791406975651309e+00
3.180618395233986817e+00
3.198465889394284112e+00
3.216351214568946570e+00
3.234166549870114427e+00
3.252122688560465935e+00
3.270033584085953127e+00
3.287917354954404736e+00
3.305768527974081827e+00
3.323742731047519161e+00
3.341767264323115771e+00
3.359748768112849948e+00
3.377781595838386774e+00
3.395903428586037887e+00
3.414015894890905400e+00
3.432217874991976281e+00
3.450493082827989166e+00
3.468897132325213128e+00
3.487255953647570905e+00
3.505653620089080214e+00
3.524069336218069726e+00
3.542544426028231275e+00
3.561021206231349545e+00
3.579527373618760056e+00
3.597996997968638588e+00
3.616573460683022212e+00
3.635065904381872048e+00
3.653575899141738859e+00
3.672144258928597971e+00
3.690716813401803797e+00
3.709271039555585237e+00
3.727909011099019843e+00
3.746548432222323921e+00
3.765157015455852907e+00
3.783913900303417677e+00
3.802731200676372048e+00
3.821562300658209121e+00
3.840545168003060006e+00
3.859502432320204068e+00
3.878551941640138612e+00
3.897744466951926778e+00
3.916926045598105421e+00
3.936242355416332384e+00
3.955554065689244503e+00
3.974933027236248861e+00
3.994437071056843536e+00
4.013931219982954879e+00
4.033531810271206552e+00
4.053204921541590622e+00
4.072979118161241807e+00
4.092790279150859689e+00
4.112652632950971388e+00
4.132560487716030906e+00
4.152565133003554010e+00
4.172708617377771212e+00
4.192864885262205021e+00
4.213225352664574430e+00
4.233467587889713890e+00
4.253974300665502639e+00
4.274525961942910790e+00
4.295104288136448289e+00
4.315821772467041129e+00
4.336671549898404976e+00
4.357579633619528714e+00
4.378664674352868325e+00
4.399757479214420286e+00
4.421097446412178833e+00
4.442533484224155060e+00
4.464102412493218708e+00
4.485780329562400581e+00
4.507628554193615855e+00
4.529648331500178315e+00
4.551729346483031513e+00
4.573970576526775744e+00
4.596413933577172095e+00
4.618960371477740523e+00
4.641639218285319224e+00
4.664415991439120113e+00
4.687406621526652550e+00
4.710536407495006905e+00
4.733819472851433119e+00
4.757274776640471714e+00
4.780830163316639236e+00
4.804672724257105898e+00
4.828549653640436645e+00
4.852615157188837181e+00
4.876911813834661658e+00
4.901343937914671933e+00
4.925995502936451054e+00
4.950825429632073060e+00
4.975779579107920014e+00
5.001009030664071986e+00
5.026389060322519420e+00
5.051925980546393191e+00
5.077726990674712226e+00
5.103728713791792160e+00
5.129932048359381547e+00
5.156326401195062914e+00
5.182954538258391253e+00
5.209847942012484801e+00
5.236914466561469972e+00
5.264249535143997072e+00
5.291853807822672451e+00
5.319610664476540407e+00
5.347697371085277318e+00
5.375995946456434638e+00
5.404543874316238394e+00
5.433382654777581422e+00
5.462501091558579880e+00
5.491848705387514684e+00
5.521500821748252186e+00
5.551487662561078729e+00
5.581693248813474284e+00
5.612226704092710960e+00
5.643053051404927523e+00
5.674222327252217646e+00
5.705690657575511082e+00
5.737485034055755939e+00
5.769635559015341641e+00
5.802069739149626315e+00
5.834936514278918906e+00
5.868099546878603689e+00
5.901629059122950771e+00
5.935571483142868310e+00
5.969860466774686181e+00
6.004582664848348905e+00
6.039621322612423349e+00
6.075170946494980129e+00
6.111147084586510125e+00
6.147422953742910146e+00
6.184197934466796553e+00
6.221511867539730289e+00
6.259255573095536818e+00
6.297296223879263799e+00
6.336036465334556667e+00
6.375407946607277054e+00
6.415000014405237927e+00
6.455214895210527715e+00
6.496036344129067608e+00
6.537337230787766629e+00
6.579431760667057816e+00
6.621683616584554066e+00
6.664877583263883132e+00
6.709109251718620825e+00
6.752659988688296977e+00
6.798343573353619718e+00
6.844649557659039374e+00
6.888506843435515670e+00
6.940661281475828837e+00
6.984273780886028682e+00
7.031800438028999345e+00
7.092916717803054105e+00
7.130066192384704848e+00
7.185061416749606522e+00
7.258319097885463478e+00
7.282868141149209329e+00
7.350548486489514310e+00
7.409144764391702331e+00
7.450082949202718297e+00
7.541255478951877755e+00
7.568539796204428960e+00
7.627904019012461845e+00
7.704822777096064002e+00
7.751648680663941526e+00
7.843472555529133139e+00
7.885737371590754385e+00
7.979868020956041086e+00
8.016796094629100367e+00
8.049432440634165076e+00
8.077977941169757869e+00
8.103631617861642766e+00
8.128838099587969879e+00
8.154915009646597213e+00
8.179628013762249239e+00
8.203603036411923455e+00
8.227862718856071567e+00
8.251050859888414024e+00
8.272869090700822881e+00
8.294230065902061355e+00
8.316120490433149826e+00
8.338080007167027574e+00
8.359795248386259203e+00
8.381117264249478893e+00
8.401902622658134590e+00
8.422626111229794432e+00
8.442824255380710241e+00
8.463022399532345474e+00
8.483220543683968273e+00
8.503418687835607059e+00
8.523616831987233411e+00
8.544040148203496443e+00
8.564414983380540747e+00
8.584709463527829598e+00
8.604908756077856324e+00
8.625108072406685977e+00
8.645307388735499643e+00
8.665506705064332849e+00
8.685706021393150067e+00
8.705905337721972614e+00
8.726104654050791609e+00
8.746303970379605275e+00
8.766503286708424270e+00
8.786702603037246817e+00
8.806901919366094234e+00
8.827101235694893688e+00
8.847300552023735776e+00
8.867499868352560100e+00
8.887699184681357778e+00
8.907898501010187431e+00
8.928097817339011755e+00
8.948297133667823644e+00
8.968496449996658626e+00
8.988695766325477621e+00
9.008895082654294839e+00
9.029094398983126268e+00
9.049293715311925723e+00
9.069493031640773140e+00
9.089692347969590358e+00
9.100852901343733592e+00
9.110853838597957832e+00
9.120854775852182073e+00
9.130855713106406313e+00
9.140856650360628777e+00
9.150857587614853017e+00
9.160858524869077257e+00
9.170859462123301498e+00
9.180860399377523962e+00
9.190861336631748202e+00
9.200862273885974219e+00
9.210863211140194906e+00
9.220864148394422699e+00
9.230865085648645163e+00
9.240866022902869403e+00
9.250866960157093644e+00
9.260867897411317884e+00
9.270868834665540348e+00
9.280869771919764588e+00
9.290870709173990605e+00
9.300871646428211292e+00
9.310872583682437309e+00
9.320873520936661549e+00
9.310364424776222947e+00
9.328135490168840249e+00
9.325589929091863794e+00
9.241043841488123078e+00
9.174018109272322974e+00
9.121489952407138446e+00
9.150931129859491975e+00
9.168867070265118713e+00
9.167246561749266220e+00
9.185302516886730828e+00
9.195224795813039975e+00
9.207747912389208977e+00
9.213111710509036101e+00
9.223393325331366910e+00
9.225835529705969762e+00
9.213879763034602988e+00
9.228498294004248592e+00
9.233072688198575406e+00
9.246125077973083251e+00
9.249201445033731872e+00
9.257169260786994869e+00
9.246088101546055427e+00
9.234595615106204747e+00
9.233463658867206547e+00
9.227917615498187232e+00
9.209627328375697530e+00
9.225951682085002048e+00
9.241677280226779700e+00
9.256327817281732706e+00
9.270424924676554213e+00
9.288944954178576907e+00
9.307463154746951517e+00
9.317539521883679399e+00
9.325850020216911673e+00
9.336471731215636893e+00
9.344773603861019851e+00
9.356403470096182673e+00
9.371893887306805837e+00
9.394451579474020875e+00
9.416623639051312722e+00
9.436010742021348818e+00
9.451195603919829935e+00
9.474689683419519781e+00
9.499191072197229246e+00
9.511032151855633998e+00
9.523062964094270555e+00
9.535526981836609295e+00
9.548103354118046227e+00
9.562284388077031849e+00
9.578045637760164155e+00
9.587894543160887295e+00
9.598613734094815442e+00
9.611443786478108819e+00
9.621561938915611734e+00
9.636428067583967305e+00
9.563741809036889308e+00
9.566050162894502051e+00
9.582284378321812568e+00
9.612086736672553755e+00
9.630333240959663144e+00
9.647192471300764183e+00
9.667138317367649947e+00
9.687488381500093837e+00
9.697691820449630740e+00
9.708518983416199788e+00
9.719363370518436795e+00
9.730304548963520261e+00
9.746016049203019449e+00
9.755038665634252482e+00
9.766428009599803062e+00
9.786039427878217012e+00
9.814719299360367799e+00
9.831515982840324241e+00
9.857149347456362065e+00
9.960000000000002629e+00
9.980000000000002203e+00
1.000000000000000178e+01
1.002000000000000135e+01
1.004000000000000092e+01
1.006000000000000227e+01
1.008000000000000185e+01
1.010000000000000142e+01
1.012000000000000099e+01
1.014000000000000234e+01
1.016000000000000192e+01
1.018000000000000149e+01
