0.000000000000000000e+00
3.719658954415268017e-05
7.092135652057536066e-04
1.403477059368582079e-03
2.200993517673183013e-03
3.122902453189867894e-03
4.128082302858519445e-03
5.243590089401263532e-03
6.458384453221554210e-03
7.773065084667920253e-03
9.180972135670447884e-03
1.063233939647727222e-02
1.221653345633023913e-02
1.389169733068548046e-02
1.564748521398457576e-02
1.750765544774784271e-02
1.944505753947573315e-02
2.145632899697338253e-02
2.354738859848032329e-02
2.571910724031822859e-02
2.797792544871521847e-02
3.032243517594405968e-02
3.274458329250792832e-02
3.523575393205252704e-02
3.780766665304572532e-02
4.045882174388055336e-02
4.318790304716403627e-02
4.599592206078315787e-02
4.887684719893306551e-02
5.182272473596080675e-02
5.485574354350219312e-02
5.796908939976308517e-02
6.114093383779954649e-02
6.437589509851487923e-02
6.769522840204715564e-02
7.111487163417609669e-02
7.457306576545047472e-02
7.810941590447362248e-02
8.170416797671690989e-02
8.539744445988314836e-02
8.913906559979195565e-02
9.294743907858259158e-02
9.683026726556853703e-02
1.007681834853029618e-01
1.047948280175149682e-01
1.088832853674435996e-01
1.130183673211442030e-01
1.172688395552265728e-01
1.215324432363266843e-01
1.258190994008339669e-01
1.302854118979297482e-01
1.347666305934175912e-01
1.392617581853361763e-01
1.438719275567700573e-01
1.485327141001621110e-01
1.532544845478772677e-01
1.580748525634694535e-01
1.629120819473574289e-01
1.678188881495749907e-01
1.727902214018549043e-01
1.777779849806397083e-01
1.829138990229551565e-01
1.880061794265476816e-01
1.932964975150676945e-01
1.985492029955632232e-01
2.039208913709942839e-01
2.092057184192662456e-01
2.147901869383348483e-01
2.203637042498227117e-01
2.259475552092832240e-01
2.315337223890125418e-01
2.371957719434487077e-01
2.428947140045601971e-01
2.487218323353305172e-01
2.545919085897566103e-01
2.605312161214028976e-01
2.665562172156465404e-01
2.725234490251461361e-01
2.788037996078033820e-01
2.849608535715046909e-01
2.911251061297485121e-01
2.974865803664762387e-01
3.039262468152051921e-01
3.101906465073620001e-01
3.167452389212376818e-01
3.232710890060709885e-01
3.297395876056981034e-01
3.364113687160164567e-01
3.431478434369061303e-01
3.499887361071887804e-01
3.568295015458163855e-01
3.637842409032848723e-01
3.707588722706014472e-01
3.778414933124975561e-01
3.849898902221178809e-01
3.921912410510385860e-01
3.994040018344309217e-01
4.065848228507127349e-01
4.140069393541919718e-01
4.214548354041577904e-01
4.289211599521625118e-01
4.364442626143552051e-01
4.440480437096095967e-01
4.517525392275368312e-01
4.595098557165135933e-01
4.673158788837321609e-01
4.751561796012037098e-01
4.831027410682331436e-01
4.910731601184572526e-01
4.991459008342637449e-01
5.072602411084407015e-01
5.154910934002233658e-01
5.237854119287813637e-01
5.321493596061933617e-01
5.405614010927557445e-01
5.490490182328660040e-01
5.575520516879067801e-01
5.661416194727931783e-01
5.748675056702682307e-01
5.836702388195237345e-01
5.924714832145534515e-01
6.013887634653873882e-01
6.103103894342364333e-01
6.192742541707375592e-01
6.283548308330741961e-01
6.375063983826506631e-01
6.467572518594451036e-01
6.560841759530651185e-01
6.654573407462561763e-01
6.748939149272623617e-01
6.843960512826735565e-01
6.939513642975813079e-01
7.036478061804164463e-01
7.133969553321721779e-01
7.232487522685103754e-01
7.331255726109577875e-01
7.430579081704205002e-01
7.530905607975926230e-01
7.631562561140985412e-01
7.733342900699822220e-01
7.835824026109496909e-01
7.938838250889153070e-01
8.042621127010518567e-01
8.146380220566538100e-01
8.252177970402140295e-01
8.358191225461999441e-01
8.464652131137793134e-01
8.572120282480123477e-01
8.680057793829257795e-01
8.789035933896540698e-01
8.898822447101537580e-01
9.009295680451145927e-01
9.120388958658376399e-01
9.232286908639733003e-01
9.345046921710710164e-01
9.458206393916935850e-01
9.572141702425970289e-01
9.686803239260950438e-01
9.802084867701686965e-01
9.918589875432106684e-01
1.003589603352931681e+00
1.015361743951660456e+00
1.027219657180042267e+00
1.039103331614249726e+00
1.051142888051492807e+00
1.063170235403106734e+00
1.075321089616749992e+00
1.087555830071357921e+00
1.099820018672890365e+00
1.112199041628774365e+00
1.124626681521638361e+00
1.137117188216620001e+00
1.149683220864432531e+00
1.162337573677641789e+00
1.175103121060932398e+00
1.187920712636140852e+00
1.200795483445637135e+00
1.213745444476604485e+00
1.226754280545638842e+00
1.239865381008742995e+00
1.253031585420577798e+00
1.266264154832484667e+00
1.279576634518217571e+00
1.292979008575450672e+00
1.306448252152048406e+00
1.319971493276651975e+00
1.333584768363029971e+00
1.347271665535578977e+00
1.361033063110018926e+00
1.374883097347342709e+00
1.388774379229966494e+00
1.402759061928448903e+00
1.416836938182749694e+00
1.430949853106129321e+00
1.445167973201379130e+00
1.459437183588819797e+00
1.473779820166102983e+00
1.488214500389147155e+00
1.502711883860370357e+00
1.517290819480667352e+00
1.531942033440623296e+00
1.546662767148541118e+00
1.561463816888829514e+00
1.576332436089913358e+00
1.591279638200626234e+00
1.606280131383019727e+00
1.621387341893624212e+00
1.636534822531827027e+00
1.651772490312723773e+00
1.667097466503925762e+00
1.682498859794604451e+00
1.697948711707375713e+00
1.713442117138880949e+00
1.729053542260084564e+00
1.744729524644943242e+00
1.760443847830551078e+00
1.776284445068039064e+00
1.792172476895284916e+00
1.808129042751259075e+00
1.824189437991738050e+00
1.840289812884714049e+00
1.856458962481880359e+00
1.872700357648934055e+00
1.889002716032675444e+00
1.905363112780407819e+00
1.921822543402579964e+00
1.938360688088334838e+00
1.954946242876708817e+00
1.971608430639273601e+00
1.988326783526054520e+00
2.005145899360529338e+00
2.022048674217820086e+00
2.039059558792432281e+00
2.056177949729621535e+00
2.073409945515282793e+00
2.090615494494060034e+00
2.107776482204617441e+00
2.124984168731030465e+00
2.142402063377899513e+00
2.159841569370207104e+00
2.177376896116773874e+00
2.194978801120106571e+00
2.212587844140476712e+00
2.230324199414357889e+00
2.248298903976509777e+00
2.266370283990804424e+00
2.284297837821988697e+00
2.302234046570451387e+00
2.320289038930557712e+00
2.338399792617021689e+00
2.356643185625036274e+00
2.374943382542086034e+00
2.393333492035983223e+00
2.411966328949925131e+00
2.430501035808849242e+00
2.448927820539580136e+00
2.467651571681333866e+00
2.486445883889538244e+00
2.505211817574200417e+00
2.524003386382476677e+00
2.543050803224283118e+00
2.562140741540672728e+00
2.581163421973389216e+00
2.600288750364926571e+00
2.619506802936252932e+00
2.638723475933816065e+00
2.658141638484724734e+00
2.677662067394217527e+00
2.697064875106886195e+00
2.716650663562866441e+00
2.736347453144254871e+00
2.755918506515461885e+00
2.775779294440353873e+00
2.795660826549970501e+00
2.815527227434025725e+00
2.835433549813182630e+00
2.855455669866591162e+00
2.875637840025487613e+00
2.895782363687299910e+00
2.916035757619430679e+00
2.936338392807879671e+00
2.956695509739430072e+00
2.977137481774051242e+00
2.997695934466337864e+00
3.018217714909099403e+00
3.038873810188281510e+00
3.059676706229025989e+00
3.080321946563066682e+00
3.101072080273289178e+00
3.122026290718828090e+00
3.142944087288992439e+00
3.164176746381861527e+00
3.185168674812295375e+00
3.206264194252447908e+00
3.227606313965608376e+00
3.248841287510830789e+00
3.270152804931426793e+00
3.291568778208298518e+00
3.313046709121160394e+00
3.334558892473000746e+00
3.356178913607010816e+00
3.377812290332240508e+00
3.399504334894215773e+00
3.421305739828796266e+00
3.443148260837915586e+00
3.465051787944681827e+00
3.487009108855458894e+00
3.509034628945563394e+00
3.531102483627585276e+00
3.553200800601758580e+00
3.575409521464985918e+00
3.597674914345155184e+00
3.619986534035878556e+00
3.642346891307535639e+00
3.664765850557433868e+00
3.687237331683427044e+00
3.709745337102960061e+00
3.732364120628385962e+00
3.755004203527737783e+00
3.777666997384342196e+00
3.800466932772198270e+00
3.823283295083824918e+00
3.846154287094460944e+00
3.869148431987498249e+00
3.892209389446252832e+00
3.915346463762035878e+00
3.938630313894468937e+00
3.962057999146438636e+00
3.985618979998228895e+00
4.009334608509315778e+00
4.033254622965815273e+00
4.057382836167606754e+00
4.081694643459957916e+00
4.106290390532310930e+00
4.131070811629015793e+00
4.155844171019449362e+00
4.180658094165931260e+00
4.205486834391952478e+00
4.230430275391890760e+00
4.255395929295745283e+00
4.280371997330720824e+00
4.305386247848293380e+00
4.330577096445510143e+00
4.355805803192664527e+00
4.381169117577653260e+00
4.406556713004763814e+00
4.431982369356149754e+00
4.457503667117775237e+00
4.483128650742929544e+00
4.508896237015544983e+00
4.534790185201933888e+00
4.560777530053508499e+00
4.586949643905689378e+00
4.613257528919076478e+00
4.639580629823499613e+00
4.665975056649505071e+00
4.692371867948961217e+00
4.718781482286021678e+00
4.745301583798821277e+00
4.771840468874930075e+00
4.798446981357701979e+00
4.825147935914282371e+00
4.851875399557121327e+00
4.878784890491461468e+00
4.905894078266556768e+00
4.933142305661908367e+00
4.960569961979563125e+00
4.988163376537745997e+00
5.015930225900015138e+00
5.043865143117312044e+00
5.071966483725757868e+00
5.100308643451869628e+00
5.128860800862463876e+00
5.157617165154138483e+00
5.186571337331526088e+00
5.215696298645974949e+00
5.245040912455158022e+00
5.274627960006432303e+00
5.304460722955154139e+00
5.334558463888421365e+00
5.364843655848322790e+00
5.395384749906282806e+00
5.426240137552414744e+00
5.457355660585809787e+00
5.488721408510832234e+00
5.520412909279402314e+00
5.552385723105560444e+00
5.584672460787391657e+00
5.617269670782715885e+00
5.650194782289453599e+00
5.683454451903295457e+00
5.717022909486618509e+00
5.750975049049007914e+00
5.785284088162845784e+00
5.819949153833750444e+00
5.854984907931718219e+00
5.890463985655842727e+00
5.926317358837366989e+00
5.962609319312022649e+00
5.999358611112320716e+00
6.036561763257823898e+00
6.074237754085102026e+00
6.112393526862794246e+00
6.151097246132054330e+00
6.190309449468855973e+00
6.230078283779887371e+00
6.270442479983743489e+00
6.311392791019899029e+00
6.352953244872653116e+00
6.395184459458206128e+00
6.438090529059915745e+00
6.481696578068125270e+00
6.526056242038833055e+00
6.571174190282949468e+00
6.617082909329048412e+00
6.663866558797727713e+00
6.711531635343546576e+00
6.760125407191010183e+00
6.809673183399072016e+00
6.860258816404294357e+00
6.911937414537470126e+00
6.964745141084347502e+00
7.018700641242948457e+00
7.074085961942593315e+00
7.130447445250565508e+00
7.188909020103227299e+00
7.247779727135859495e+00
7.309845574270837254e+00
7.371010320970808216e+00
7.438551864522994883e+00
7.501895530711131244e+00
7.571239908778065519e+00
7.647103441260297174e+00
7.715622690426000574e+00
7.793812798106798390e+00
7.868918220753650772e+00
7.950091403005102642e+00
8.045676225959036643e+00
8.123652855352426982e+00
8.225472734371690464e+00
8.320222908739664192e+00
8.435197013193747040e+00
8.550565128994328745e+00
8.710724929626358914e+00
8.745575844662416998e+00
8.780505341243083350e+00
8.815513419368366854e+00
8.850600079038263956e+00
8.885765320252774657e+00
8.921009143011897180e+00
8.956331547315633301e+00
8.991732533163981245e+00
9.027212100556948116e+00
9.062770249494525032e+00
9.098406979976713771e+00
9.134122292003516108e+00
9.169916185574935596e+00
9.192665542740522611e+00
9.210641071070842401e+00
9.228655890173474319e+00
9.244978914968744022e+00
9.224395182977991325e+00
9.241065636400678684e+00
9.198291933876065585e+00
9.198291025151064559e+00
9.226528364639216662e+00
9.209622556772245616e+00
9.212648501279474544e+00
9.206079446850592873e+00
9.213617057874193605e+00
9.230317609471301310e+00
9.291809812995063922e+00
9.312535019609722298e+00
9.341254114503506401e+00
9.358304416395284875e+00
9.380409498248127420e+00
9.396569030106205034e+00
9.379412616173363304e+00
9.383454254734848732e+00
9.393532886411859906e+00
9.405308823004633112e+00
9.420118637239887960e+00
9.427744903510568264e+00
9.436802801179172917e+00
9.452761295594385160e+00
9.444167013758534068e+00
9.432555578042855160e+00
9.437344378392415578e+00
9.431258862313702807e+00
9.437007263677383406e+00
9.438096549657167600e+00
9.425872970217195501e+00
9.451082359191101290e+00
9.459537334760133476e+00
9.482407948141991838e+00
9.495021866170992197e+00
9.516112757036253811e+00
9.533246840779959541e+00
9.542475146526385288e+00
9.553489287961015819e+00
9.571533082345302645e+00
9.597128851807406491e+00
9.622544839436248054e+00
9.780245626454883379e+00
9.980982318271120590e+00
1.002062868369351634e+01
1.006035363457760390e+01
1.010015717092338150e+01
1.014003929273084559e+01
1.018000000000000149e+01
