1.935952192980149490e-15
3.831780113480796196e-02
7.643409052204097609e-02
1.144411369953111934e-01
1.523067682508507659e-01
1.900291942865665329e-01
2.276079373131286998e-01
2.650401666046796612e-01
3.023268864288877755e-01
3.394748113344165374e-01
3.764800537223640942e-01
4.133446849723801941e-01
4.499977865822550882e-01
4.865363183326979479e-01
5.229258044327973476e-01
5.591635270441384087e-01
5.952512169006280995e-01
6.311808250471873105e-01
6.669550444151839397e-01
7.025827195512356349e-01
7.380539443656497500e-01
7.733666979133368979e-01
8.085249951207617025e-01
8.435328597213950230e-01
8.783828930271101454e-01
9.130795804234379531e-01
9.476256542454345455e-01
9.820192474840717667e-01
1.016253260610300302e+00
1.050329829908070334e+00
1.084264535992256251e+00
1.118046935503203221e+00
1.151668897250950785e+00
1.185150391153831695e+00
1.218485070718526186e+00
1.251657476615557707e+00
1.284687100245408775e+00
1.317572353162438148e+00
1.350317973106195168e+00
1.382912248561336099e+00
1.415358143778641331e+00
1.447673606766580523e+00
1.479839450390578071e+00
1.511864423772656840e+00
1.543760117177835900e+00
1.575532911056078955e+00
1.607156318303184950e+00
1.638623601311768985e+00
1.669976200742028238e+00
1.701187183416948079e+00
1.732276608142831131e+00
1.763261253535671980e+00
1.794106091028095484e+00
1.824829032769515802e+00
1.855410316927788461e+00
1.885883235736141028e+00
1.916242516844521404e+00
1.946466390173011041e+00
1.976591391114084217e+00
2.006603371033964134e+00
2.036493651807937511e+00
2.066267644958888816e+00
2.095939482182400226e+00
2.125509409711287656e+00
2.154979613839692387e+00
2.184336311512836915e+00
2.213572065707319680e+00
2.242734014565962664e+00
2.271783227957984597e+00
2.300746870311191739e+00
2.329609190509308370e+00
2.358346471111330445e+00
2.387039593973528717e+00
2.415626779170346072e+00
2.444091781863260593e+00
2.472476570712952348e+00
2.500823745797639219e+00
2.529058587575178318e+00
2.557168403937776446e+00
2.585222397738438094e+00
2.613206240141946690e+00
2.641103188070933250e+00
2.668905625889778754e+00
2.696623959407658422e+00
2.724280779171530220e+00
2.751855617750881944e+00
2.779357001300222674e+00
2.806789013142274136e+00
2.834106971823286525e+00
2.861385563242983210e+00
2.888620180651598091e+00
2.915740075147786659e+00
2.942780631123742996e+00
2.969764230977253838e+00
2.996727670141346334e+00
3.023559644897775289e+00
3.050286025026990089e+00
3.077052186089435093e+00
3.103716440989721104e+00
3.130291157891660792e+00
3.156747315263353393e+00
3.183040739606262548e+00
3.209293228129619813e+00
3.235548595132407446e+00
3.261749369222890049e+00
3.287950993654639387e+00
3.314119752031491117e+00
3.340219423342912108e+00
3.366281136552291109e+00
3.392240964065704301e+00
3.418225834145863562e+00
3.444131894899274293e+00
3.469939432201051943e+00
3.495740760642347400e+00
3.521506655679370823e+00
3.547279758362644309e+00
3.572960076266748608e+00
3.598619697822678098e+00
3.624222626326424557e+00
3.649765574450080319e+00
3.675374330104622000e+00
3.700917960405391227e+00
3.726383627151115263e+00
3.751858098493581650e+00
3.777327310888575429e+00
3.802788106427885673e+00
3.828303311425426791e+00
3.853912423374665330e+00
3.879590438066734759e+00
3.905459145224636330e+00
3.931496528305522098e+00
3.957643335104744864e+00
3.983858330517797697e+00
4.010084360957726801e+00
4.036309249662236809e+00
4.062557472742780007e+00
4.088814008414987988e+00
4.114970500248314345e+00
4.141148023442779547e+00
4.167313132731586656e+00
4.193421322472664414e+00
4.219561927465057316e+00
4.245615553037085377e+00
4.271650785407495654e+00
4.297746682751758307e+00
4.323765714516007996e+00
4.349819806093011110e+00
4.375915383630436750e+00
4.402057961801327579e+00
4.428351904463968758e+00
4.454675843433177462e+00
4.481014024913653415e+00
4.507482606886852317e+00
4.534118823652516284e+00
4.560852625884693978e+00
4.587843867352479066e+00
4.614884387261259491e+00
4.642082803613286401e+00
4.669522261995580514e+00
4.697128299306765342e+00
4.724978412988389387e+00
4.752971676155969050e+00
4.781143534726397526e+00
4.809589015508316301e+00
4.838178310457788456e+00
4.866951152216179466e+00
4.895981960556377466e+00
4.925141712722147957e+00
4.954515741726987166e+00
4.984069141767818678e+00
5.013843799838316073e+00
5.043853389608863758e+00
5.074018092313385075e+00
5.104394452240016200e+00
5.135019042287126467e+00
5.165844193735821044e+00
5.196953808376614248e+00
5.228329202607946868e+00
5.260034752974390493e+00
5.292077597579072368e+00
5.324389364210615483e+00
5.357063371294887411e+00
5.390088432767477400e+00
5.423481849663385645e+00
5.457198069099969295e+00
5.491335698557753275e+00
5.525777307440714381e+00
5.560605340059239232e+00
5.595858676065790682e+00
5.631457855682199920e+00
5.667503012540802132e+00
5.703885668373136042e+00
5.740675090201059483e+00
5.777972856553027725e+00
5.815686905033682130e+00
5.853807461735161866e+00
5.892442848167652514e+00
5.931577383950958016e+00
5.971170359282074180e+00
6.011291754281950617e+00
6.051979540666395430e+00
6.093145070298846555e+00
6.134876297535185152e+00
6.177318086831562027e+00
6.220302251158371654e+00
6.263610180286192985e+00
6.307892420256679955e+00
6.353266000193340979e+00
6.398337545544969807e+00
6.444137879149645975e+00
6.492334493428507436e+00
6.539805736676684411e+00
6.586874179540248342e+00
6.638014309597489060e+00
6.689251312525281712e+00
6.737429199793785628e+00
6.790550183254385530e+00
6.846278488422393060e+00
6.896941083867991651e+00
6.952553978211192920e+00
7.011778778202815587e+00
7.065759555456320840e+00
7.121575175599863528e+00
7.184966674534927655e+00
7.242714413533027695e+00
7.311055763761855175e+00
7.372183310805574763e+00
7.438797101247949684e+00
7.507915144897713056e+00
7.573921521974830817e+00
7.645995481421331341e+00
7.723402725818679926e+00
7.793205690852544443e+00
7.875305026530535102e+00
7.960955556600587180e+00
8.034738868990229932e+00
8.128916917725591773e+00
8.218639181159032248e+00
8.318117740920447645e+00
8.350670564560099152e+00
8.375600694444655048e+00
8.398034145090550240e+00
8.419156855051401322e+00
8.440231914806192393e+00
8.461196735107105127e+00
8.482082632248918230e+00
8.502889565696408525e+00
8.523617535449631077e+00
8.544266541508545032e+00
8.564836583873157494e+00
8.585327662543445371e+00
8.605739777519486822e+00
8.626072928801198358e+00
8.646327116388613732e+00
8.666502340281738270e+00
8.686598600480559540e+00
8.706615896985100633e+00
8.726554229795320694e+00
8.746413598911251697e+00
8.766194004332881207e+00
8.785895446060230540e+00
8.805517924093273052e+00
8.825061438432001637e+00
8.844525989076434058e+00
8.863911576026593409e+00
8.883218199282449490e+00
8.902445858843996973e+00
8.921594554711232306e+00
8.940664286884203449e+00
8.959655055362842901e+00
8.978566860147195072e+00
8.997399701237259961e+00
9.016153578633023358e+00
9.034828492334494143e+00
9.053424442341647449e+00
9.071941428654513473e+00
9.090379451273090439e+00
9.108738510197360583e+00
9.127018605427313247e+00
9.141378265591045604e+00
9.150396609285364136e+00
9.159375657364458689e+00
9.168315409828325713e+00
9.177215866676966982e+00
9.186077027910384274e+00
9.194898893528572259e+00
9.203681463531538043e+00
9.212424737919276296e+00
9.221128716691788796e+00
9.229793399849075541e+00
9.238418787391138309e+00
9.247004879317973547e+00
9.250247439268006744e+00
9.220256177642269790e+00
9.185859926395512076e+00
9.169931712490265951e+00
9.146430900344025616e+00
9.164989155629497120e+00
9.158143073686195734e+00
9.125851897501780385e+00
9.119817121045320718e+00
9.127108538001984073e+00
9.127903918587390919e+00
9.145888616124850046e+00
9.127619914491775788e+00
9.121641300406862385e+00
9.115261119833084180e+00
9.136646817003692078e+00
9.151985472817917966e+00
9.144887181820317679e+00
9.134166317460097773e+00
9.100641952421598901e+00
9.099981544622327334e+00
9.081787756031625136e+00
9.117621379889765620e+00
9.109217260895086099e+00
9.129915063348516213e+00
9.112387124925763970e+00
9.081747109272217955e+00
9.097436286431777930e+00
9.085070208692469507e+00
9.075583274916104060e+00
9.069942852874353534e+00
9.076085530237161692e+00
9.080418765689058702e+00
9.087332142752767794e+00
9.079258790158908354e+00
9.088455071648647632e+00
9.086519851732534292e+00
9.082973000992751622e+00
9.086665246086488068e+00
9.082902652656542841e+00
9.073367659943677666e+00
9.086829110383497721e+00
9.077687016205809201e+00
9.077072669033110941e+00
9.072856499246169548e+00
9.079321960292528360e+00
9.092927848209315655e+00
9.101211707093424863e+00
9.109103370376537612e+00
9.117748901917931192e+00
9.129272774303453630e+00
9.139034663426278016e+00
9.150804184730800372e+00
9.161422104059502303e+00
9.175700979201744545e+00
9.183596663490774858e+00
9.196389366858483072e+00
9.210893514583734287e+00
9.218139349194176546e+00
9.231902595426570102e+00
9.244281828134047529e+00
9.256281454680392429e+00
9.271700995473898033e+00
9.284145432500528372e+00
9.292301153828697480e+00
9.306024176725577135e+00
9.317676542362939074e+00
9.329613544516559998e+00
9.342215100138204775e+00
9.355651879132837578e+00
9.367989641444662396e+00
9.381607356678278720e+00
9.395404266371034652e+00
9.408985128505184647e+00
9.423501837105886736e+00
9.438307830081786420e+00
9.453638532831726948e+00
9.469922304733234597e+00
9.485925050920375412e+00
9.502497552239622891e+00
9.524964399976806106e+00
9.539697761690415945e+00
9.559897750198810940e+00
9.577457428484498436e+00
9.585688027228757235e+00
9.596371781250114807e+00
9.601498408096729165e+00
9.602637949853088273e+00
9.614416293975079242e+00
9.627191024805524577e+00
9.623716755029667169e+00
9.627402914481237417e+00
9.627252739820237437e+00
9.622064058195213931e+00
9.625183738134150957e+00
9.636316613069178416e+00
9.644563091425650825e+00
9.651899003170409941e+00
9.658591685539880345e+00
9.664792758489777924e+00
9.669783631364104792e+00
9.688191311668548522e+00
9.692050189933237192e+00
9.674607386371070206e+00
9.676584823473897146e+00
9.665854648524918602e+00
9.655516956374532000e+00
9.650514977585959997e+00
9.655599593506474676e+00
9.655272523070109969e+00
9.656777892809053299e+00
9.650427378000754786e+00
9.646217454992751072e+00
9.642587852540877691e+00
9.643628602457711807e+00
9.632591507922214191e+00
9.631151685059398559e+00
9.629334464409531336e+00
9.639697077221246246e+00
9.642056211190197956e+00
9.657366850407791858e+00
9.664294000522195560e+00
9.653552896172916675e+00
9.657252713022380419e+00
9.658203758972140562e+00
9.648460745945154571e+00
9.645438189821408770e+00
9.648613529005508838e+00
9.652423602837860273e+00
9.648704446228030918e+00
9.646646456666582381e+00
9.645405085003407208e+00
9.641911778452598725e+00
9.638574309602867984e+00
9.630260206436412673e+00
9.625061973665840043e+00
9.621322906557196575e+00
9.626733462114888340e+00
9.630801229930705532e+00
9.625840291226916534e+00
9.799927704660358785e+00
9.953045186640473219e+00
9.958978388998037445e+00
9.964833005893909856e+00
9.970609037328099333e+00
9.976306483300593442e+00
9.981925343811397511e+00
9.987465618860511540e+00
9.992927308447942636e+00
9.998310412573678363e+00
1.000361493123772227e+01
1.000884086444007970e+01
1.001398821218075064e+01
1.001905697445972976e+01
1.002404715127701706e+01
1.002895874263261433e+01
1.003379174852652689e+01
1.003854616895874585e+01
1.004322200392927655e+01
1.004781925343811722e+01
1.005233791748526606e+01
1.005677799607073020e+01
1.006113948919450252e+01
1.006542239685658480e+01
1.006962671905697526e+01
1.007375245579568279e+01
1.007779960707269495e+01
1.008176817288801885e+01
1.008565815324165271e+01
1.008946954813359831e+01
1.009320235756385387e+01
1.009685658153241938e+01
1.010043222003929486e+01
1.010392927308448385e+01
1.010734774066797925e+01
1.011068762278978639e+01
1.011394891944990349e+01
1.011713163064833410e+01
1.012023575638507111e+01
1.012326129666012164e+01
1.012620825147348036e+01
1.012907662082515259e+01
1.013186640471513122e+01
1.013457760314341982e+01
1.013721021611002016e+01
1.013976424361493223e+01
1.014223968565815781e+01
1.014463654223968803e+01
1.014695481335952998e+01
1.014919449901768367e+01
1.015135559921414909e+01
1.015343811394892448e+01
1.015544204322200450e+01
1.015736738703339981e+01
1.015921414538310685e+01
1.016098231827112386e+01
1.016267190569744905e+01
1.016428290766208242e+01
1.016581532416503464e+01
1.016726915520628971e+01
1.016864440078585829e+01
1.016994106090373329e+01
1.017115913555992535e+01
1.017229862475442381e+01
1.017335952848723224e+01
1.017434184675835240e+01
1.017524557956778253e+01
1.017607072691552439e+01
1.017681728880157443e+01
1.017748526522593622e+01
1.017807465618860796e+01
1.017858546168958966e+01
1.017901768172888310e+01
1.017937131630648651e+01
1.017964636542239809e+01
1.017984282907662319e+01
1.017996070726915825e+01
1.018000000000000149e+01
