-5.068012267738965931e-02
6.698486242988567659e-03
6.314172959388256179e-02
1.186596528802807277e-01
1.732623016071715150e-01
2.269597212795433638e-01
2.797619574023846312e-01
3.316790554806837710e-01
3.827210610194291540e-01
4.328980195236094008e-01
4.822199764982127435e-01
5.306969774482275248e-01
5.783390678786424211e-01
6.251562932944456641e-01
6.711586992006257635e-01
7.163563311021711177e-01
7.607592345040702364e-01
8.043774549113114070e-01
8.472210378288830279e-01
8.893000287617737198e-01
9.306244732149717702e-01
9.712044166934653555e-01
1.011049904702243429e+00
1.050170982746294168e+00
1.088577696330605749e+00
1.126280090960167124e+00
1.163288212139966138e+00
1.199612105374991522e+00
1.235261816170231342e+00
1.270247390030674772e+00
1.304578872461309880e+00
1.338266308967124951e+00
1.371319745053108274e+00
1.403749226224248581e+00
1.435564797985534158e+00
1.466776505841953515e+00
1.497394395298494718e+00
1.527428511860146498e+00
1.556888901031897809e+00
1.585785608318736051e+00
1.614128679225650176e+00
1.641928159257628028e+00
1.669194093919659450e+00
1.695936528716731617e+00
1.722165509153833041e+00
1.747891080735952674e+00
1.773123288968079025e+00
1.797872179355199718e+00
1.822147797402303482e+00
1.845960188614379271e+00
1.869319398496414930e+00
1.892235472553398967e+00
1.914718456290320114e+00
1.936778395212166437e+00
1.958425334823926667e+00
1.979669320630588869e+00
2.000520398137141331e+00
2.020988612848572785e+00
2.041084010269872184e+00
2.060816635906027372e+00
2.080196535262027080e+00
2.099233753842859151e+00
2.117938337153512318e+00
2.136320330698974868e+00
2.154389779984235975e+00
2.172156730514283041e+00
2.189631227794104795e+00
2.206823317328689971e+00
2.223743044623026854e+00
2.240400455182103734e+00
2.256805594510909785e+00
2.272968508114431074e+00
2.288899241497659443e+00
2.304607840165580512e+00
2.320104349623184348e+00
2.335398815375458348e+00
2.350501282927392133e+00
2.365421797783972657e+00
2.380170405450189541e+00
2.394757151431030184e+00
2.409192081231484206e+00
2.423485240356538561e+00
2.437646674311182871e+00
2.451686428600405421e+00
2.465614548729194055e+00
2.479441080202538394e+00
2.493176068525424505e+00
2.506829559202843782e+00
2.520411597739782295e+00
2.533932229641229661e+00
2.547401500412173725e+00
2.560829455557604106e+00
2.574226140582506872e+00
2.587601600991872974e+00
2.600965882290688924e+00
2.614329029983944341e+00
2.627701089576626625e+00
2.641092106573725395e+00
2.654512126480228495e+00
2.667971194801124213e+00
2.681479357041401723e+00
2.695046658706048426e+00
2.708683145300053052e+00
2.722398862328403890e+00
2.736203855296090559e+00
2.750108169708099126e+00
2.764121851069420543e+00
2.778254944885041766e+00
2.792517496659951970e+00
2.806919551899138110e+00
2.821471156107591138e+00
2.836182354790296678e+00
2.851063193452244349e+00
2.866123717598423326e+00
2.881373972733820565e+00
2.896824004363426575e+00
2.912483857992227865e+00
2.928363579125214500e+00
2.944473213267372547e+00
2.960822805923692957e+00
2.977422402599161799e+00
2.994282048798769580e+00
3.011411790027503699e+00
3.028821671790352443e+00
3.046521739592304101e+00
3.064522038938349180e+00
3.082832615333472415e+00
3.101463514282666090e+00
3.120424781290915384e+00
3.139726461863209916e+00
3.159378601504539752e+00
3.179391245719890957e+00
3.199774440014252708e+00
3.220538229892613291e+00
3.241692660859962771e+00
3.263247778421286327e+00
3.285213628081576687e+00
3.307600255345818141e+00
3.330417705719002086e+00
3.353676024706115477e+00
3.377385257812147046e+00
3.401555450542083747e+00
3.426196648400914313e+00
3.451318896893632804e+00
3.476932241525219958e+00
3.503046727800666282e+00
3.529672401224963174e+00
3.556819307303094924e+00
3.584497491540055591e+00
3.612716999440828580e+00
3.641487876510403510e+00
3.670820168253768223e+00
3.700723920175914117e+00
3.731209177781827258e+00
3.762285986576495489e+00
3.793964392064908431e+00
3.826254439752054815e+00
3.859166175142920707e+00
3.892709643742498393e+00
3.926894891055772163e+00
3.961731962587735190e+00
3.997230903843371763e+00
4.033401760327670615e+00
4.070254577545622254e+00
4.107799401002212747e+00
4.146046276202434377e+00
4.185005248651272325e+00
4.224686363853714433e+00
4.265099667314751208e+00
4.306255204539372272e+00
4.348163021032561915e+00
4.390833162299312420e+00
4.434275673844608079e+00
4.478500601173442064e+00
4.523517989790798666e+00
4.569337885201669280e+00
4.615970332911039975e+00
4.663425378423902146e+00
4.711713067245241859e+00
4.760843444880048736e+00
