1.889010664048413835e-15
3.753351036305749289e-02
7.502381606119033763e-02
1.124478435498709322e-01
1.498133394365313287e-01
1.871200147748723619e-01
2.243676223974713224e-01
2.615554120218981926e-01
2.986846603825313307e-01
3.357542645959136207e-01
3.727582998460491348e-01
4.097083816165472681e-01
4.465989211276594206e-01
4.834306198315319048e-01
5.201990488397124635e-01
5.569058151733015105e-01
5.935503210625053816e-01
6.301322591654746619e-01
6.666521237386942023e-01
7.031085974138140404e-01
7.395017204535567767e-01
7.758301245153901293e-01
8.120933919901150988e-01
8.482927027478739390e-01
8.844274328871593038e-01
9.204940930459120096e-01
9.564953088256673563e-01
9.924287559587313678e-01
1.028291435380565444e+00
1.064087155663391515e+00
1.099814949649519091e+00
1.135473234952565358e+00
1.171061841618288080e+00
1.206572525563075482e+00
1.242014753130553206e+00
1.277389363553382617e+00
1.312686625866033907e+00
1.347910630542549448e+00
1.383058685047536152e+00
1.418132510865155904e+00
1.453133230339488602e+00
1.488050877977491027e+00
1.522894263104303425e+00
1.557663981417757082e+00
1.592346330157901724e+00
1.626958111556156883e+00
1.661477670928883654e+00
1.695932854070818729e+00
1.730295904477274105e+00
1.764580937822699314e+00
1.798786475641245497e+00
1.832906275933781970e+00
1.866941405205195581e+00
1.900878348956671848e+00
1.934765805743552169e+00
1.968521802105223761e+00
2.002236338728048626e+00
2.035825751245438298e+00
2.069356486928092043e+00
2.102782726320414852e+00
2.136130618809450876e+00
2.169379919640758825e+00
2.202555372441854065e+00
2.235626437936931943e+00
2.268619609899419132e+00
2.301506970452651402e+00
2.334325651617221720e+00
2.367036040851536516e+00
2.399653560098788052e+00
2.432184442661607271e+00
2.464619162510219841e+00
2.496971741661658584e+00
2.529221973347605790e+00
2.561376027302875613e+00
2.593438210577751146e+00
2.625409058315895994e+00
2.657292277081486187e+00
2.689066615235939484e+00
2.720762144477262279e+00
2.752332792973339881e+00
2.783840006080527729e+00
2.815247687566861501e+00
2.846572679089166336e+00
2.877759759812849261e+00
2.908871717778846122e+00
2.939887133162896404e+00
2.970819336923630871e+00
3.001646821047020630e+00
3.032365751302363854e+00
3.063020569519138814e+00
3.093525328057760593e+00
3.123976070998555787e+00
3.154304737183618368e+00
3.184548822461034767e+00
3.214749559055065653e+00
3.244721474567346053e+00
3.274636014928152594e+00
3.304506282394183980e+00
3.334216977666390136e+00
3.363899076828313017e+00
3.393494896540841577e+00
3.422922722180635535e+00
3.452254044578678460e+00
3.481533865129212924e+00
3.510692825642396819e+00
3.539724456287865362e+00
3.568665792957902205e+00
3.597522344428612406e+00
3.626268093531363590e+00
3.654896466051792192e+00
3.683453353449364975e+00
3.711901025501278983e+00
3.740227057132371691e+00
3.768477439182485345e+00
3.796593321937320020e+00
3.824613615543074552e+00
3.852566631390293761e+00
3.880381412287574161e+00
3.908101317326705182e+00
3.935774408756852250e+00
3.963356935687845084e+00
3.990889823540119785e+00
4.018375498088183839e+00
4.045803144506552762e+00
4.073260831036386698e+00
4.101083120166096663e+00
4.129382828865588273e+00
4.157941364093134418e+00
4.186532214016010833e+00
4.215239759036165879e+00
4.243902384477544310e+00
4.272350422302205963e+00
4.300615858804622604e+00
4.328602720727501740e+00
4.356434831762611815e+00
4.384128661437021179e+00
4.411636274835134763e+00
4.438948330176850199e+00
4.466074281396520185e+00
4.493040263367358733e+00
4.519783842570930688e+00
4.546272685196389496e+00
4.572482229751480887e+00
4.598520368364191313e+00
4.624931646386433393e+00
4.651860469334201831e+00
4.679070285886452574e+00
4.706317699048986114e+00
4.733692307021387435e+00
4.761068086000882715e+00
4.788478712204708998e+00
4.815980476834006652e+00
4.843500167267768219e+00
4.871173803700984628e+00
4.898989055298720530e+00
4.926900552232690522e+00
4.954950611833938368e+00
4.983118718055334462e+00
5.011441822016678316e+00
5.039894293822399618e+00
5.068472831817658175e+00
5.097191747514391302e+00
5.126052394854357708e+00
5.155052654341811369e+00
5.184203709630461177e+00
5.213532543550206455e+00
5.243022300201951147e+00
5.272680491524207369e+00
5.302522549541616392e+00
5.332565464835276714e+00
5.362776513232431874e+00
5.393206010425269703e+00
5.423863909689349505e+00
5.454704104544714660e+00
5.485766661979003977e+00
5.517100836454863710e+00
5.548654052351161603e+00
5.580436239013931932e+00
5.612501367921166384e+00
5.644817987479749277e+00
5.677425423419429684e+00
5.710318263831330121e+00
5.743478935504592542e+00
5.776968347732379883e+00
5.810778932823649434e+00
5.844898118244786112e+00
5.879352391105693521e+00
5.914158584509907612e+00
5.949323334607317548e+00
5.984873980374070257e+00
6.020788390524311140e+00
6.057098919358459455e+00
6.093836591286446058e+00
6.130990794799234145e+00
6.168580114925827473e+00
6.206643594380425455e+00
6.245180927612211441e+00
6.284185442393221521e+00
6.323697790033357080e+00
6.363781627717912670e+00
6.404377253546683413e+00
6.445526290352660226e+00
6.487276338774398354e+00
6.529684727234745800e+00
6.572677663480329890e+00
6.616198577106692902e+00
6.660726114257680130e+00
6.705974270853491959e+00
6.751247419297315311e+00
6.798024085155051743e+00
6.846079868017948655e+00
6.893501625488656082e+00
6.942818749998220795e+00
6.993176221588774055e+00
7.043789079497478234e+00
7.096453583777255325e+00
7.148791852209673614e+00
7.203318577581146798e+00
7.259362128680979076e+00
7.312826824126644532e+00
7.376870611800709021e+00
7.429845029369403164e+00
7.491432705624649024e+00
7.562144421546555861e+00
7.614222790162773258e+00
7.686413982676240764e+00
7.762642030646609292e+00
7.820025750164432132e+00
7.878423246633712296e+00
7.966600761772743233e+00
8.029942343185320297e+00
8.143076751371689070e+00
8.164883607732067006e+00
8.186611890593038510e+00
8.208261590152526210e+00
8.229832706410524779e+00
8.251325239367037767e+00
8.272739189022066952e+00
8.294074555375607005e+00
8.315331338427661478e+00
8.336509538178228595e+00
8.357609154627311909e+00
8.378630187774906091e+00
8.399572637621018245e+00
8.420436504165641267e+00
8.441221787408776933e+00
8.461928487350425243e+00
8.482556603990591526e+00
8.503106137329266900e+00
8.523577087366458471e+00
8.543969454102164462e+00
8.564283237536383098e+00
8.584518437669114377e+00
8.604675054500360076e+00
8.624753088030120196e+00
8.644752538258392960e+00
8.664673405185180144e+00
8.684515688810478196e+00
8.704279389134294220e+00
8.632544408151664683e+00
8.743571039877465978e+00
8.587981179304060575e+00
8.595983571598093675e+00
8.613065386598268702e+00
8.593810732484909565e+00
8.622606457459314200e+00
8.623988707062055781e+00
8.616818005857318497e+00
8.610666995760313469e+00
8.597336438778555134e+00
8.586085387313639572e+00
8.573625582903234843e+00
8.564562038025563595e+00
8.576569837439464550e+00
8.562646402103178289e+00
8.558235225095417675e+00
8.560541458734537201e+00
8.561266944940774337e+00
8.553657510553568599e+00
8.580256847218178606e+00
8.555411560871799992e+00
8.554695647731769270e+00
8.556949720916877666e+00
8.566646023562940471e+00
8.575584369412602825e+00
8.567671521272899327e+00
8.566092803817346280e+00
8.549774269789281789e+00
8.550810400886209806e+00
8.521141286904576617e+00
8.512123724576637684e+00
8.527151417677179879e+00
8.525599276752062750e+00
8.533495696025306998e+00
8.534188165668643578e+00
8.536785753952495170e+00
8.533953490027938571e+00
8.532588783029511958e+00
8.534331707742124351e+00
8.534917975724415129e+00
8.522574514792680134e+00
8.527859977237943312e+00
8.522094115880323173e+00
8.502967875537194686e+00
8.522263001057753584e+00
8.508507904606512184e+00
8.523268961802497046e+00
8.526621360436822172e+00
8.542205950193324071e+00
8.547394326457052216e+00
8.555802903932876902e+00
8.548805525786910664e+00
8.557658948946951227e+00
8.568390046688936224e+00
8.580445688424539696e+00
8.592600213764677974e+00
8.603606973402138536e+00
8.615077345919777585e+00
8.626722506315571692e+00
8.637476534200477118e+00
8.650622469391974434e+00
8.663794816523743947e+00
8.676289287678363493e+00
8.687673642169498223e+00
8.700161592685295986e+00
8.716594077331881962e+00
8.725466438621300114e+00
8.738839762184763771e+00
8.754417146044014331e+00
8.769517283359297366e+00
8.786556236564086575e+00
8.800929914830227574e+00
8.815657880171563932e+00
8.831967521464363813e+00
8.848625492555202143e+00
8.865549560321994704e+00
8.882845240712928359e+00
8.900278723997754327e+00
8.917411874500734470e+00
8.935502475483827922e+00
8.952275449511549965e+00
8.971217520073468066e+00
8.986711219595690636e+00
9.006857874158859190e+00
9.020986621929976579e+00
9.040027417813853106e+00
9.051377282202807351e+00
9.068245957676280611e+00
9.090756863127234411e+00
9.097641282413565733e+00
9.101243732148828869e+00
9.108813874483971063e+00
9.115584186500569785e+00
9.125898376967999326e+00
9.143278111641389927e+00
9.161172225421790216e+00
9.173998587698926954e+00
9.186940396831303701e+00
9.200662602928446177e+00
9.215545643632452766e+00
9.231646935619739480e+00
9.248265447917104254e+00
9.267864987430344925e+00
9.285768678137413801e+00
9.304417041865747251e+00
9.327338699231237484e+00
9.348749075804379416e+00
9.375529327922794920e+00
9.406789166170369754e+00
9.436663523415068866e+00
9.440086829350574860e+00
9.436155870116486710e+00
9.438076407517714372e+00
9.437992353529990552e+00
9.429819481523487923e+00
9.428789035455574563e+00
9.427536303645116078e+00
9.427494315993731888e+00
9.431431730208364783e+00
9.430418133072720366e+00
9.431737265015895488e+00
9.430890537958056541e+00
9.430775894844964924e+00
9.429958375008164140e+00
9.430633710346798537e+00
9.429656083931826416e+00
9.430104069930852262e+00
9.430472874513096571e+00
9.452912479118740663e+00
9.460115839250208936e+00
9.463429560441754873e+00
9.468221538357900258e+00
9.475321301673290009e+00
9.467795032146083756e+00
9.466632898867654689e+00
9.462939007610888353e+00
9.466545252187241744e+00
9.467707272898827853e+00
9.463967510838491748e+00
9.461757873415635345e+00
9.458484513244293623e+00
9.456746268114299525e+00
9.457815692370333593e+00
9.455199028666882555e+00
9.452436772071889592e+00
9.449958586787737147e+00
9.446769278235304768e+00
9.446347830927887657e+00
9.447037732265288312e+00
9.445158605657558937e+00
9.444078880045319480e+00
9.444027765738912450e+00
9.439065261893111014e+00
9.435597869030244667e+00
9.432115137691098994e+00
9.433214670487435782e+00
9.436676290807595180e+00
9.440011894476363352e+00
9.443558418725546133e+00
9.445692039547067154e+00
9.449358010856226286e+00
9.456406416298307249e+00
9.460903333496553103e+00
9.464646719843909040e+00
9.461397633094918547e+00
9.457073711408675365e+00
9.452971960440539334e+00
9.448719696124033618e+00
9.444188610768353698e+00
9.440026112104463962e+00
9.442537366399507803e+00
9.552429416921828675e+00
9.752416525331623731e+00
9.953045186640473219e+00
9.958978388998037445e+00
9.964833005893909856e+00
9.970609037328099333e+00
9.976306483300593442e+00
9.981925343811397511e+00
9.987465618860511540e+00
9.992927308447942636e+00
9.998310412573678363e+00
1.000361493123772227e+01
1.000884086444007970e+01
1.001398821218075064e+01
1.001905697445972976e+01
1.002404715127701706e+01
1.002895874263261433e+01
1.003379174852652689e+01
1.003854616895874585e+01
1.004322200392927655e+01
1.004781925343811722e+01
1.005233791748526606e+01
1.005677799607073020e+01
1.006113948919450252e+01
1.006542239685658480e+01
1.006962671905697526e+01
1.007375245579568279e+01
1.007779960707269495e+01
1.008176817288801885e+01
1.008565815324165271e+01
1.008946954813359831e+01
1.009320235756385387e+01
1.009685658153241938e+01
1.010043222003929486e+01
1.010392927308448385e+01
1.010734774066797925e+01
1.011068762278978639e+01
1.011394891944990349e+01
1.011713163064833410e+01
1.012023575638507111e+01
1.012326129666012164e+01
1.012620825147348036e+01
1.012907662082515259e+01
1.013186640471513122e+01
1.013457760314341982e+01
1.013721021611002016e+01
1.013976424361493223e+01
1.014223968565815781e+01
1.014463654223968803e+01
1.014695481335952998e+01
1.014919449901768367e+01
1.015135559921414909e+01
1.015343811394892448e+01
1.015544204322200450e+01
1.015736738703339981e+01
1.015921414538310685e+01
1.016098231827112386e+01
1.016267190569744905e+01
1.016428290766208242e+01
1.016581532416503464e+01
1.016726915520628971e+01
1.016864440078585829e+01
1.016994106090373329e+01
1.017115913555992535e+01
1.017229862475442381e+01
1.017335952848723224e+01
1.017434184675835240e+01
1.017524557956778253e+01
1.017607072691552439e+01
1.017681728880157443e+01
1.017748526522593622e+01
1.017807465618860796e+01
1.017858546168958966e+01
1.017901768172888310e+01
1.017937131630648651e+01
1.017964636542239809e+01
1.017984282907662319e+01
1.017996070726915825e+01
1.018000000000000149e+01
