-1.722794457834199822e+00
-1.718932250504010106e+00
-1.715070043173820613e+00
-1.715255200236881716e+00
-1.716253793767120950e+00
-1.717252387297359961e+00
-1.718250980827599195e+00
-1.719249574357838428e+00
-1.720078281145881016e+00
-1.712588829669087431e+00
-1.705099378192294068e+00
-1.697609926715500706e+00
-1.690120475238707343e+00
-1.687236384893723518e+00
-1.684769271466074025e+00
-1.682302158038424533e+00
-1.679835044610774819e+00
-1.677367931183125327e+00
-1.674142377303989848e+00
-1.664406090384158432e+00
-1.654669803464326794e+00
-1.644933516544495378e+00
-1.635205973795238021e+00
-1.632210193204520765e+00
-1.629214412613803509e+00
-1.626218632023086030e+00
-1.623222851432368774e+00
-1.620227070841651518e+00
-1.617231290250934039e+00
-1.614416698391539562e+00
-1.611634902128730618e+00
-1.608853105865921673e+00
-1.606071309603112729e+00
-1.602359702117719831e+00
-1.584044588960834332e+00
-1.565729475803948834e+00
-1.547414362647063335e+00
-1.536997418387768821e+00
-1.545120592681829219e+00
-1.553243766975889839e+00
-1.561366941269950237e+00
-1.569490115564010857e+00
-1.559478083634434631e+00
-1.546360195896293588e+00
-1.533242308158152767e+00
-1.520877285513344557e+00
-1.515884317862148833e+00
-1.510891350210953332e+00
-1.505898382559757609e+00
-1.500905414908562108e+00
-1.496972285466641406e+00
-1.495445309922829091e+00
-1.493918334379016999e+00
-1.492391358835204684e+00
-1.490864383291392370e+00
-1.485756794852761020e+00
-1.471193972536774197e+00
-1.456631150220787374e+00
-1.442068327904800551e+00
-1.403353597601429081e+00
-1.358454703037427658e+00
-1.343891880721440613e+00
-1.329329058405453790e+00
-1.314766236089466744e+00
-1.300203413773479699e+00
-1.295780987278308150e+00
-1.291947101403282838e+00
-1.288113215528257749e+00
-1.284279329653232660e+00
-1.274532950255230279e+00
-1.233340967132866561e+00
-1.189650649566709628e+00
-1.125054130579367317e+00
-1.060457611592022786e+00
-1.006778397734706454e+00
-9.715779757937783589e-01
-9.363775538528502640e-01
-9.106987008659901406e-01
-8.852345658448927956e-01
-8.597704308237953397e-01
-8.383535976015163982e-01
-8.173831334664949377e-01
-7.964126693314734773e-01
-7.768190145962575732e-01
-7.587081592069206959e-01
-7.405973038175839296e-01
-7.224864484282471633e-01
-7.087896957583346147e-01
-6.968065733954652563e-01
-6.848234510325960089e-01
-6.728403286697266505e-01
-6.608572063068572922e-01
-6.532435667887773745e-01
-6.459413515989037569e-01
-6.386391364090302503e-01
-6.313369212191566326e-01
-6.240347060292831260e-01
-6.178588579835460060e-01
-6.129907145236304089e-01
-6.081225710637147008e-01
-6.032544276037991038e-01
-5.983862841438835067e-01
-5.935181406839679097e-01
-5.923867340073891707e-01
-5.912853440843313102e-01
-5.901839541612734497e-01
-5.890825642382155891e-01
-5.879811743151577286e-01
-5.882549460490679172e-01
-5.948192299904926372e-01
-6.013835139319173573e-01
-6.079477978733420773e-01
-6.145120818147667974e-01
-6.210763657561915174e-01
-6.296914129896845624e-01
-6.418473688481722839e-01
-6.540033247066598943e-01
-6.661592805651475047e-01
-6.783152364236351151e-01
-6.887010048856776478e-01
-6.989365885706285697e-01
-7.091721722555796026e-01
-7.194077559405305244e-01
-7.296433396254814463e-01
-7.265018162494544240e-01
-7.198683020842945313e-01
-7.132347879191347495e-01
-7.066012737539748567e-01
-7.000032653669445715e-01
-6.991754838879306044e-01
-6.983477024089166374e-01
-6.975199209299025593e-01
-6.966921394508885923e-01
-6.958643579718746253e-01
-6.950365764928606582e-01
-6.904048094920457457e-01
-6.821129167855960462e-01
-6.738210240791462358e-01
-6.655291313726964253e-01
-6.572372386662466148e-01
-6.359325264637132324e-01
-6.096362301674159712e-01
-5.833399338711187099e-01
-5.643487674882681215e-01
-5.493698645346816178e-01
-5.343909615810950031e-01
-5.194120586275084994e-01
-5.118360599106702713e-01
-5.105046018703515154e-01
-5.091731438300327595e-01
-5.078416857897140035e-01
-5.065102277493951366e-01
-5.051787697090763807e-01
-5.069056392960575863e-01
-5.134589093382517788e-01
-5.200121793804459713e-01
-5.265654494226401638e-01
-5.331187194648344674e-01
-5.396719895070286599e-01
-5.488240432304867245e-01
-5.582108224147344089e-01
-5.675976015989820933e-01
-5.769843807832297777e-01
-5.863711599674773511e-01
-5.890523964415925740e-01
-5.899335083800388846e-01
-5.908146203184851952e-01
-5.916957322569313948e-01
-5.925768441953777055e-01
-5.934579561338240161e-01
-5.911151144335023977e-01
-5.886920566027751267e-01
-5.862689987720478557e-01
-5.838459409413205847e-01
-5.814228831105932027e-01
-5.785170997112750735e-01
-5.731340564623298439e-01
-5.677510132133847254e-01
-5.623679699644394958e-01
-5.569849267154943773e-01
-5.516018834665491477e-01
-5.448987156709952373e-01
-5.376089829002496101e-01
-5.303192501295040939e-01
-5.230295173587584667e-01
-5.157397845880129506e-01
-5.047985210713477056e-01
-4.910294525870892990e-01
-4.772603841028308369e-01
-4.634913156185723748e-01
-4.514540460680580569e-01
-4.522862073432573071e-01
-4.531183686184566128e-01
-4.539505298936558630e-01
-4.547826911688551133e-01
-4.556148524440544190e-01
-4.564470137192536692e-01
-4.510617921385428608e-01
-4.454447035309478942e-01
-4.398276149233528720e-01
-4.342105263157578499e-01
-4.285934377081628832e-01
-4.244131998420652696e-01
-4.217086756976676787e-01
-4.190041515532700322e-01
-4.162996274088724413e-01
-4.135951032644748504e-01
-4.108905791200772595e-01
-4.075165167665730781e-01
-4.028356095935772818e-01
-3.981547024205814855e-01
-3.934737952475856892e-01
-3.887928880745898930e-01
-3.841119809015940967e-01
-3.820496212401512937e-01
-3.803852986897527932e-01
-3.787209761393542373e-01
-3.770566535889557369e-01
-3.753923310385571810e-01
-3.737280084881586806e-01
-3.719938341758985412e-01
-3.702316102990059199e-01
-3.684693864221133541e-01
-3.667071625452207884e-01
-3.649449386683282226e-01
-3.631827147914356568e-01
-3.643573728625450481e-01
-3.658552631579037318e-01
-3.673531534532624154e-01
-3.688510437486210991e-01
-3.703489340439797828e-01
-3.681326664576121122e-01
-3.609956597561972957e-01
-3.538586530547825348e-01
-3.467216463533677184e-01
-3.395846396519529020e-01
-3.324476329505380856e-01
-3.297176882078614035e-01
-3.297176882078614035e-01
-3.297176882078614035e-01
-3.297176882078614035e-01
-3.297176882078614035e-01
-3.297176882078614035e-01
-3.279574514426042975e-01
-3.241551145390014765e-01
-3.203527776353986556e-01
-3.165504407317958346e-01
-3.126202769581492569e-01
-3.017070762348217916e-01
-2.907938755114943818e-01
-2.798806747881669166e-01
-2.689674740648394513e-01
-2.596599815808814937e-01
-2.556949778578732624e-01
-2.517299741348650310e-01
-2.477649704118568275e-01
-2.437999666888486239e-01
-2.398349629658404203e-01
-2.341712667744795806e-01
-2.261468544779152712e-01
-2.181224421813509617e-01
-2.100980298847866523e-01
-2.020736175882223429e-01
-1.964460947603282881e-01
-1.922167574557861469e-01
-1.879874201512439780e-01
-1.837580828467018090e-01
-1.795287455421596401e-01
-1.752994082376174989e-01
-1.710069328780527143e-01
-1.667004982788965750e-01
-1.623940636797404358e-01
-1.580876290805842965e-01
-1.537811944814281573e-01
-1.487959171009759496e-01
-1.425400223380073328e-01
-1.362841275750387438e-01
-1.300282328120701270e-01
-1.237723380491015379e-01
-1.175164432861329211e-01
-1.108505787807652215e-01
-1.038292180212715132e-01
-9.680785726177779105e-02
-8.978649650228406887e-02
-8.276513574279036056e-02
-7.557141392910952937e-02
-6.589273817448416948e-02
-5.621406241985879570e-02
-4.653538666523343581e-02
-3.685671091060806898e-02
-2.656197951358367851e-02
-1.588951115915322385e-02
-5.217042804722769184e-03
5.455425549707688948e-03
1.612789390413814361e-02
2.696151283767724699e-02
3.871419053972231794e-02
5.046686824176738889e-02
6.221954594381245984e-02
7.397222364585753773e-02
8.734775107203432420e-02
1.014048753823233173e-01
1.154619996926123243e-01
1.295191240029013313e-01
1.445389815881585605e-01
1.623094073649137825e-01
1.800798331416690323e-01
1.978502589184242544e-01
2.156885182606820828e-01
2.335951158824696172e-01
2.515017135042571517e-01
2.694083111260446306e-01
2.831068573332941596e-01
2.953039640240718855e-01
3.075010707148496114e-01
3.196981774056273373e-01
3.318952840964050632e-01
3.464983066845396253e-01
3.612275612555666537e-01
3.759568158265937377e-01
3.906860703976208216e-01
4.043579280480670834e-01
4.178389407062951255e-01
4.313199533645231676e-01
4.448009660227512096e-01
4.586428492117808342e-01
4.781154230514436110e-01
4.975879968911063322e-01
5.170605707307691645e-01
5.320065194633076811e-01
