-1.776001184395561872e+00
-1.769244885937773626e+00
-1.762488587479985380e+00
-1.755732289022197135e+00
-1.748975990564408889e+00
-1.742219692106620421e+00
-1.735463393648832175e+00
-1.728707095191043930e+00
-1.721950796733255684e+00
-1.715194498275467438e+00
-1.708438199817678971e+00
-1.701681901359890725e+00
-1.694925602902102479e+00
-1.688169304444314234e+00
-1.681413005986525988e+00
-1.674656707528737520e+00
-1.667900409070949275e+00
-1.661144110613161029e+00
-1.654387812155372783e+00
-1.647631513697584538e+00
-1.640875215239796070e+00
-1.634118916782007824e+00
-1.627362618324219579e+00
-1.620606319866431333e+00
-1.613850021408643087e+00
-1.607093722950854842e+00
-1.600337424493066374e+00
-1.593581126035278128e+00
-1.586824827577489883e+00
-1.580068529119701637e+00
-1.573312230661913391e+00
-1.566555932204124924e+00
-1.559799633746336678e+00
-1.553043335288548432e+00
-1.546287036830760186e+00
-1.539530738372971941e+00
-1.532774439915183473e+00
-1.526018141457395227e+00
-1.519261842999606982e+00
-1.512505544541818736e+00
-1.505749246084030490e+00
-1.498992947626242245e+00
-1.492236649168453777e+00
-1.485480350710665531e+00
-1.478724052252877286e+00
-1.471967753795089040e+00
-1.465211455337300794e+00
-1.458455156879512327e+00
-1.451698858421724081e+00
-1.444942559963935835e+00
-1.438186261506147590e+00
-1.431429963048359344e+00
-1.424673664590570876e+00
-1.417917366132782631e+00
-1.411161067674994385e+00
-1.404404769217206139e+00
-1.397648470759417894e+00
-1.390892172301629648e+00
-1.384135873843841180e+00
-1.377379575386052935e+00
-1.370623276928264689e+00
-1.363866978470476443e+00
-1.357110680012688197e+00
-1.350354381554899730e+00
-1.343598083097111484e+00
-1.336841784639323238e+00
-1.330085486181534993e+00
-1.323329187723746747e+00
-1.316572889265958279e+00
-1.309816590808170034e+00
-1.303060292350381788e+00
-1.296303993892593542e+00
-1.289547695434805297e+00
-1.282791396977016829e+00
-1.276035098519228583e+00
-1.269278800061440338e+00
-1.262522501603652092e+00
-1.255766203145863846e+00
-1.249009904688075601e+00
-1.242253606230287133e+00
-1.235497307772498887e+00
-1.228741009314710642e+00
-1.221984710856922396e+00
-1.215228412399134150e+00
-1.208472113941345683e+00
-1.201715815483557437e+00
-1.194959517025769191e+00
-1.188203218567980946e+00
-1.181446920110192700e+00
-1.174690621652404232e+00
-1.167934323194615986e+00
-1.161178024736827741e+00
-1.154421726279039495e+00
-1.147665427821251249e+00
-1.140909129363463004e+00
-1.134152830905674536e+00
-1.127396532447886290e+00
-1.120640233990097823e+00
-1.113883935532309799e+00
-1.107127637074521331e+00
-1.100371338616733308e+00
-1.093615040158944840e+00
-1.086858741701156816e+00
-1.080102443243368349e+00
-1.073346144785579881e+00
-1.066589846327791857e+00
-1.059833547870003390e+00
-1.053077249412215366e+00
-1.046320950954426898e+00
-1.039564652496638431e+00
-1.032808354038850407e+00
-1.026052055581061939e+00
-1.019295757123273916e+00
-1.012539458665485448e+00
-1.005783160207696980e+00
-9.990268617499089565e-01
-9.922705632921204888e-01
-9.855142648343324652e-01
-9.787579663765439975e-01
-9.720016679187555297e-01
-9.652453694609675061e-01
-9.584890710031790384e-01
-9.517327725453910148e-01
-9.449764740876025471e-01
-9.382201756298140793e-01
-9.314638771720260557e-01
-9.247075787142375880e-01
-9.179512802564495644e-01
-9.111949817986610967e-01
-9.044386833408726289e-01
-8.976823848830846053e-01
-8.909260864252961376e-01
-8.841697879675081140e-01
-8.774134895097196463e-01
-8.706571910519311785e-01
-8.639008925941431549e-01
-8.571445941363546872e-01
-8.503882956785666636e-01
-8.436319972207781959e-01
-8.368756987629901722e-01
-8.301194003052017045e-01
-8.233631018474132368e-01
-8.166068033896252132e-01
-8.098505049318367455e-01
-8.030942064740487218e-01
-7.963379080162602541e-01
-7.895816095584717864e-01
-7.828253111006837628e-01
-7.760690126428952951e-01
-7.693127141851072714e-01
-7.625564157273188037e-01
-7.558001172695303360e-01
-7.490438188117423124e-01
-7.422875203539538447e-01
-7.355312218961658211e-01
-7.287749234383773533e-01
-7.220186249805888856e-01
-7.152623265228008620e-01
-7.085060280650123943e-01
-7.017497296072243707e-01
-6.949934311494359029e-01
-6.882371326916474352e-01
-6.814808342338594116e-01
-6.747245357760709439e-01
-6.679682373182829203e-01
-6.612119388604944525e-01
-6.544556404027059848e-01
-6.476993419449179612e-01
-6.409430434871294935e-01
-6.341867450293414699e-01
-6.274304465715530021e-01
-6.206741481137649785e-01
-6.139178496559765108e-01
-6.071615511981880431e-01
-6.004052527404000195e-01
-5.936489542826115517e-01
-5.868926558248235281e-01
-5.801363573670350604e-01
-5.733800589092465927e-01
-5.666237604514585691e-01
-5.598674619936701014e-01
-5.531111635358820777e-01
-5.463548650780936100e-01
-5.395985666203051423e-01
-5.328422681625171187e-01
-5.260859697047286510e-01
-5.193296712469406273e-01
-5.125733727891521596e-01
-5.058170743313636919e-01
-4.990607758735756683e-01
-4.923044774157872006e-01
-4.855481789579991769e-01
-4.787918805002107092e-01
-4.720355820424222415e-01
-4.652792835846342179e-01
-4.585229851268457502e-01
-4.517666866690577265e-01
-4.450103882112692588e-01
-4.382540897534807911e-01
-4.314977912956927675e-01
-4.247414928379042998e-01
-4.179851943801162761e-01
-4.112288959223278084e-01
-4.044725974645393407e-01
-3.977162990067513171e-01
-3.909600005489628494e-01
-3.842037020911748257e-01
-3.774474036333863580e-01
-3.706911051755983344e-01
-3.639348067178098667e-01
-3.571785082600213990e-01
-3.504222098022333753e-01
-3.436659113444449076e-01
-3.369096128866568840e-01
-3.301533144288684163e-01
-3.233970159710799486e-01
-3.166407175132919249e-01
-3.098844190555034572e-01
-3.031281205977154336e-01
-2.963718221399269659e-01
-2.896155236821384982e-01
-2.828592252243504745e-01
-2.761029267665620068e-01
-2.693466283087739832e-01
-2.625903298509855155e-01
-2.558340313931970478e-01
-2.490777329354090242e-01
-2.423214344776205564e-01
-2.355651360198325328e-01
-2.288088375620440651e-01
-2.220525391042555974e-01
-2.152962406464675738e-01
-2.085399421886791060e-01
-2.017836437308910824e-01
-1.950273452731026147e-01
-1.882710468153141470e-01
-1.815147483575261234e-01
-1.747584498997376556e-01
-1.680021514419496320e-01
-1.612458529841611643e-01
-1.544895545263726966e-01
-1.477332560685846730e-01
-1.409769576107962052e-01
-1.342206591530081816e-01
-1.274643606952197139e-01
-1.207080622374316903e-01
-1.139517637796432226e-01
-1.071954653218547548e-01
-1.004391668640667312e-01
-9.368286840627826351e-02
-8.692656994849023988e-02
-8.017027149070177217e-02
-7.341397303291330445e-02
-6.665767457512528082e-02
-5.990137611733681311e-02
-5.314507765954878948e-02
-4.638877920176032177e-02
-3.963248074397185405e-02
-3.287618228618383043e-02
-2.611988382839536271e-02
-1.936358537060733909e-02
-1.260728691281887137e-02
-5.850988455030403657e-03
9.053100027576199693e-04
7.661608460546087684e-03
1.441790691833411131e-02
2.117420537612257903e-02
2.793050383391104674e-02
3.468680229169907037e-02
4.144310074948753808e-02
4.819939920727556171e-02
5.495569766506402942e-02
6.171199612285249714e-02
6.846829458064052076e-02
7.522459303842898848e-02
8.198089149621701210e-02
8.873718995400547982e-02
9.549348841179350345e-02
1.022497868695819712e-01
1.090060853273704389e-01
1.157623837851584625e-01
1.225186822429469302e-01
1.292749807007349538e-01
1.360312791585234216e-01
1.427875776163118893e-01
1.495438760740999129e-01
1.563001745318883806e-01
1.630564729896764042e-01
1.698127714474648720e-01
1.765690699052533397e-01
1.833253683630413633e-01
1.900816668208298310e-01
1.968379652786178546e-01
2.035942637364063224e-01
2.103505621941947901e-01
2.171068606519828137e-01
2.238631591097712814e-01
2.306194575675593050e-01
2.373757560253477727e-01
2.441320544831362405e-01
2.508883529409242641e-01
2.576446513987127318e-01
2.644009498565007554e-01
2.711572483142892231e-01
2.779135467720776909e-01
2.846698452298657145e-01
2.914261436876541822e-01
2.981824421454422058e-01
3.049387406032306735e-01
3.116950390610191413e-01
3.184513375188071649e-01
3.252076359765956326e-01
3.319639344343836562e-01
3.387202328921721239e-01
3.454765313499601476e-01
3.522328298077486153e-01
3.589891282655370830e-01
3.657454267233251066e-01
3.725017251811135743e-01
3.792580236389015980e-01
3.860143220966900657e-01
3.927706205544785334e-01
3.995269190122665570e-01
4.062832174700550247e-01
4.130395159278430484e-01
4.197958143856315161e-01
4.265521128434199838e-01
4.333084113012080074e-01
4.400647097589964751e-01
4.468210082167844988e-01
