5.885650177243350288e-03
5.962285416082318233e-03
6.137191619749686640e-03
6.340633022575745126e-03
6.529340667633729348e-03
6.667772648865804598e-03
6.770999441015342069e-03
6.877484467470572349e-03
7.018008018835788023e-03
7.203644156840764701e-03
7.410668976820680362e-03
7.608989848035166426e-03
7.794470363829023724e-03
7.983917890868134568e-03
8.208159075388205689e-03
8.491154763528841604e-03
8.826393524963978623e-03
9.187354133452093133e-03
9.546948305077731720e-03
9.895692797849284239e-03
1.024898767520340988e-02
1.061310733896859287e-02
1.096528946119437568e-02
1.126524122909617828e-02
1.146274263621869724e-02
1.154255174372835480e-02
1.152911373613243681e-02
1.146219803426336281e-02
1.139414414574455373e-02
1.137281775195570638e-02
1.145637862679280659e-02
1.169595766414472000e-02
1.208274775575040802e-02
1.253996844588675143e-02
1.294962382126880161e-02
1.320880481391938262e-02
1.327905861611457933e-02
1.319506699773696431e-02
1.304459710467214054e-02
1.296082292401226979e-02
1.304493336602729515e-02
1.327935442054600963e-02
1.354936186547122876e-02
1.370332334106398944e-02
1.368574537398055055e-02
1.358384532603960568e-02
1.353379990235525215e-02
1.362064419520644248e-02
1.381274121504517949e-02
1.398681576072724822e-02
1.402238314111440252e-02
1.388130538979038577e-02
1.365575581176579206e-02
1.350805176621905704e-02
1.351349577034376137e-02
1.359343168874456442e-02
1.357661805484475931e-02
1.338032523167760959e-02
1.308447296961691084e-02
1.283662984431722075e-02
1.270510925793724363e-02
1.257651908316491374e-02
1.230997579218553323e-02
1.192295724091828324e-02
1.157369297265149061e-02
1.143802811956875359e-02
1.150164754701901194e-02
1.156853377376746393e-02
1.153799661572447316e-02
1.151915978067319726e-02
1.170141040716397851e-02
1.211577631906773575e-02
1.254589982813720736e-02
1.276188757128199520e-02
1.281874378963595434e-02
1.296913629159739123e-02
1.333512493414117789e-02
1.377676127803157888e-02
1.409387477593512100e-02
1.434231354726837188e-02
1.475124988283838326e-02
1.537579481783964142e-02
1.601923419638477328e-02
1.649192814376249788e-02
1.684966439963594270e-02
1.727956107558928367e-02
1.782365852938209635e-02
1.835820335903683501e-02
1.880303378742598230e-02
1.922414836028547153e-02
1.967158275772399462e-02
2.010373625046197807e-02
2.045246129755966952e-02
2.069469696354613725e-02
2.090053764883053819e-02
2.109333000084760712e-02
2.123060110979476875e-02
2.131728708553251583e-02
2.135885504700064247e-02
2.136212905228909720e-02
2.140869702323678833e-02
2.154371826680226767e-02
2.173997951958243219e-02
2.197584213092409339e-02
2.227519344243409152e-02
2.266531678841364819e-02
2.310201256268899772e-02
2.356339859633724970e-02
2.408400376455666764e-02
2.473854230061545492e-02
2.554172064639131934e-02
2.642208372672961297e-02
2.745003465989572997e-02
2.869873753893410415e-02
3.003726206303715396e-02
3.116066126135330627e-02
3.156788006858274320e-02
3.079852906470487844e-02
2.920744319316253418e-02
2.706288073933144078e-02
2.436122724700845107e-02
2.183231168335253436e-02
1.985886105043205285e-02
1.835434330261724589e-02
1.750548887268772030e-02
1.699833930667228252e-02
1.707212112387300473e-02
1.782775530387664675e-02
1.849685687944232354e-02
1.919039184438647849e-02
2.003813358715070964e-02
2.072766244397010460e-02
2.132408052110469632e-02
2.219157759006181244e-02
2.277125997943935110e-02
2.329845292575861981e-02
2.455924251064620784e-02
2.587896179373286309e-02
2.766065353554133383e-02
3.030369876073553750e-02
3.358382991749120361e-02
3.632212034537348616e-02
3.711734438346928067e-02
3.670741930616093496e-02
3.594778534884418564e-02
3.552160062676468222e-02
3.532475038860095895e-02
3.476145295134277363e-02
3.394203979351374106e-02
3.309082091089055044e-02
3.219845509716610238e-02
3.063858306830121586e-02
2.741804372831520981e-02
2.325399605544600096e-02
1.994768778208647758e-02
1.745099384856784591e-02
1.530786487272639898e-02
1.338777409290244080e-02
1.167998997686745671e-02
9.359999847748372293e-03
5.777692163036909564e-03
3.714045808411400341e-05
-8.643338929306425625e-03
-2.026332304891484068e-02
-2.807844770694899877e-02
-2.428071890576482747e-02
-1.620793105309326770e-02
-1.109837763719574190e-02
0.000000000000000000e+00
0.000000000000000000e+00
0.000000000000000000e+00
0.000000000000000000e+00
0.000000000000000000e+00
0.000000000000000000e+00
0.000000000000000000e+00
0.000000000000000000e+00
0.000000000000000000e+00
0.000000000000000000e+00
0.000000000000000000e+00
0.000000000000000000e+00
